0 1 0.0131343
1 1 0.273188
2 1 0.273188
3 1 0.273188
4 1 0.273188
5 1 0.681639
6 1 0.390585
7 1 0.0539143
8 1 0.0596222
9 1 -0.174317
10 1 -0.400418
11 1 -0.417275
12 1 -0.389391
13 1 0.175756
14 1 0.175756
15 1 0.393317
16 1 -0.131587
17 1 -0.379652
18 1 -0.423064
19 1 -0.270214
20 1 0.279973
21 1 0.279973
22 1 0.279973
23 1 -0.366489
24 1 -0.320391
25 1 -0.180287
26 1 -0.0873125
27 1 -0.243533
28 1 -0.280652
29 1 -0.272884
30 1 -0.326333
31 1 -0.233397
32 1 -0.184092
33 1 -0.228155
34 1 -0.244901
35 1 -0.244901
36 1 -0.250461
37 1 -0.234611
40 1 -0.145128
41 1 -0.0565482
44 1 -0.174545
45 1 -0.245423
46 1 -0.154503
47 1 -0.154503
49 1 -0.0108166
100 1.11111 0.0148337
101 1.11111 0.369752
102 1.11111 0.910966
103 1.11111 0.298552
104 1.11111 -0.0608257
105 1.11111 -0.229859
106 1.11111 -0.135209
107 1.11111 -0.135209
108 1.11111 -0.108221
109 1.11111 -0.0770815
110 1.11111 -0.0770815
111 1.11111 -0.0770815
112 1.11111 -0.227278
113 1.11111 0.143186
114 1.11111 0.155899
115 1.11111 0.124961
116 1.11111 0.182218
117 1.11111 -0.249265
118 1.11111 -0.253093
119 1.11111 -0.346823
120 1.11111 -0.346823
121 1.11111 -0.282124
122 1.11111 -0.242191
123 1.11111 -0.149107
124 1.11111 -0.103879
125 1.11111 0.0167333
126 1.11111 -0.22548
127 1.11111 -0.274542
128 1.11111 -0.0799587
129 1.11111 -0.19561
130 1.11111 -0.228036
131 1.11111 -0.199116
132 1.11111 -0.193171
133 1.11111 -0.264963
134 1.11111 -0.229713
135 1.11111 -0.232928
136 1.11111 -0.203457
137 1.11111 -0.203457
138 1.11111 -0.0160952
139 1.11111 -0.0554998
140 1.11111 0.267517
141 1.11111 -0.0532563
142 1.11111 0.266271
143 1.11111 -0.0459493
144 1.11111 -0.129237
145 1.11111 -0.0452796
146 1.11111 -0.0452796
147 1.11111 -0.0476737
148 1.11111 -0.17726
149 1.11111 -0.139686
200 1.23457 -0.139686
202 1.23457 -0.138259
203 1.23457 -0.286651
204 1.23457 -0.286651
205 1.23457 -0.286651
207 1.23457 -0.224579
209 1.23457 -0.226123
210 1.23457 -0.151806
213 1.23457 -0.114372
215 1.23457 -0.204786
216 1.23457 -0.258007
217 1.23457 -0.221939
218 1.23457 -0.272122
220 1.23457 -0.186708
221 1.23457 -0.0616281
222 1.23457 0.901025
223 1.23457 0.901025
224 1.23457 0.878811
225 1.23457 0.878811
226 1.23457 0.878811
227 1.23457 2.45739
228 1.23457 1.81809
229 1.23457 1.81809
230 1.23457 0.79247
231 1.23457 0.323914
232 1.23457 0.0811597
233 1.23457 0.253032
234 1.23457 -0.160913
235 1.23457 -0.160913
236 1.23457 -0.160913
237 1.23457 0.358362
238 1.23457 0.288689
239 1.23457 -0.0442847
240 1.23457 -0.235117
241 1.23457 -0.27767
242 1.23457 -0.315048
243 1.23457 -0.07722
244 1.23457 -0.266276
245 1.23457 -0.239249
246 1.23457 -0.239249
247 1.23457 -0.193572
248 1.23457 -0.366977
249 1.23457 -0.143882
300 1.37174 -0.143882
301 1.37174 -0.143882
302 1.37174 -0.143882
303 1.37174 -0.129179
304 1.37174 -0.129179
305 1.37174 -0.251264
306 1.37174 -0.262021
307 1.37174 -0.275003
308 1.37174 -0.273608
309 1.37174 -0.266845
310 1.37174 -0.107028
311 1.37174 -0.107028
312 1.37174 0.0953158
313 1.37174 0.611554
314 1.37174 0.611554
315 1.37174 0.076563
316 1.37174 0.601224
317 1.37174 0.708473
318 1.37174 -9.19989e-05
319 1.37174 0.102851
320 1.37174 0.0636969
321 1.37174 0.0636969
322 1.37174 -0.106403
323 1.37174 -0.226704
324 1.37174 -0.1951
325 1.37174 -0.0110101
326 1.37174 -0.0110101
327 1.37174 -0.10506
328 1.37174 1.42893
329 1.37174 1.42893
330 1.37174 -0.142659
331 1.37174 -0.387405
332 1.37174 -0.403108
333 1.37174 -0.408798
334 1.37174 -0.367154
335 1.37174 -0.31317
336 1.37174 -0.0291464
337 1.37174 -0.217463
338 1.37174 -0.279935
339 1.37174 -0.280802
340 1.37174 -0.305425
341 1.37174 -0.380402
342 1.37174 -0.264823
343 1.37174 -0.289128
344 1.37174 -0.268799
345 1.37174 -0.260713
346 1.37174 0.159401
347 1.37174 0.367949
348 1.37174 0.367949
349 1.37174 0.112195
400 1.52416 -0.436979
401 1.52416 -0.436979
402 1.52416 -0.386824
403 1.52416 -0.285874
404 1.52416 -0.29742
405 1.52416 -0.217677
406 1.52416 0.382947
407 1.52416 0.00353857
408 1.52416 -0.0444719
409 1.52416 -0.0444719
410 1.52416 -0.301558
411 1.52416 -0.301558
412 1.52416 -0.0299398
413 1.52416 0.0321582
414 1.52416 0.0321582
415 1.52416 0.434515
416 1.52416 0.521762
417 1.52416 0.591743
418 1.52416 0.591743
419 1.52416 0.769712
420 1.52416 0.0763244
421 1.52416 0.12452
422 1.52416 0.12452
423 1.52416 0.263745
424 1.52416 0.0330155
425 1.52416 -0.0848559
426 1.52416 -0.26883
427 1.52416 -0.326214
428 1.52416 -0.326214
429 1.52416 -0.326214
430 1.52416 -0.276434
431 1.52416 -0.434576
432 1.52416 -0.275421
433 1.52416 -0.00250931
434 1.52416 0.189344
435 1.52416 -0.195555
436 1.52416 -0.195555
437 1.52416 -0.262145
438 1.52416 -0.188613
439 1.52416 -0.439107
440 1.52416 -0.395824
441 1.52416 -0.341785
442 1.52416 -0.365508
443 1.52416 -0.127946
444 1.52416 -0.0115358
445 1.52416 -0.0115358
446 1.52416 -0.240019
447 1.52416 0.37402
448 1.52416 0.37402
449 1.52416 0.516436
500 1.69351 0.52487
501 1.69351 0.52487
502 1.69351 0.52487
503 1.69351 0.52487
504 1.69351 0.365742
505 1.69351 0.757568
506 1.69351 0.21995
507 1.69351 -0.0839704
508 1.69351 -0.153169
509 1.69351 -0.153169
510 1.69351 -0.331714
511 1.69351 -0.231645
512 1.69351 0.0265668
513 1.69351 -0.148784
514 1.69351 -0.166341
515 1.69351 -0.140865
516 1.69351 -0.140865
517 1.69351 -0.436244
518 1.69351 -0.436244
519 1.69351 -0.315293
520 1.69351 -0.0125775
521 1.69351 0.127948
522 1.69351 0.793499
523 1.69351 0.142194
524 1.69351 -0.174678
525 1.69351 -0.416179
526 1.69351 -0.260524
527 1.69351 -0.260524
528 1.69351 0.112346
529 1.69351 -0.255871
530 1.69351 -0.363067
531 1.69351 -0.286468
532 1.69351 -0.267385
533 1.69351 -0.271865
534 1.69351 -0.171865
535 1.69351 -0.171865
536 1.69351 -0.220395
537 1.69351 -0.220395
538 1.69351 -0.257699
539 1.69351 -0.220154
540 1.69351 -0.247102
541 1.69351 -0.0960221
542 1.69351 -0.0960221
543 1.69351 0.296892
544 1.69351 0.296892
545 1.69351 0.13846
546 1.69351 0.13846
547 1.69351 0.13846
548 1.69351 0.352128
549 1.69351 0.37685
600 1.88168 0.37685
601 1.88168 0.37685
602 1.88168 0.017978
603 1.88168 0.017978
604 1.88168 0.017978
605 1.88168 -0.0293364
606 1.88168 0.172411
607 1.88168 0.725194
608 1.88168 0.742895
609 1.88168 0.126917
610 1.88168 0.126917
611 1.88168 0.126917
612 1.88168 0.126917
613 1.88168 -0.00619866
614 1.88168 -0.00603746
615 1.88168 0.0012675
616 1.88168 0.381555
617 1.88168 0.731358
618 1.88168 0.94962
619 1.88168 0.94962
620 1.88168 0.0885817
621 1.88168 -0.0902995
622 1.88168 -0.354459
623 1.88168 -0.255875
624 1.88168 -0.255875
625 1.88168 -0.256818
626 1.88168 -0.254929
627 1.88168 -0.25716
628 1.88168 -0.218834
629 1.88168 -0.218834
630 1.88168 -0.289341
631 1.88168 -0.236141
632 1.88168 -0.2757
633 1.88168 -0.226843
634 1.88168 -0.220343
635 1.88168 -0.181909
636 1.88168 -0.212362
637 1.88168 0.0931952
638 1.88168 1.01752
639 1.88168 0.33418
640 1.88168 -0.0919674
641 1.88168 -0.0209798
642 1.88168 -0.122506
643 1.88168 -0.233286
644 1.88168 -0.24833
645 1.88168 -0.250735
646 1.88168 -0.249791
647 1.88168 -0.246394
648 1.88168 -0.11777
649 1.88168 -0.26231
700 2.09075 -0.314617
701 2.09075 -0.287666
702 2.09075 -0.287666
703 2.09075 -0.383896
704 2.09075 -0.326748
705 2.09075 -0.209454
706 2.09075 -0.34866
707 2.09075 -0.393437
708 2.09075 -0.389003
709 2.09075 -0.3176
710 2.09075 -0.3176
711 2.09075 -0.296148
712 2.09075 -0.287386
713 2.09075 -0.162242
714 2.09075 -0.206328
715 2.09075 -0.243272
716 2.09075 -0.232015
717 2.09075 -0.230679
718 2.09075 -0.276182
719 2.09075 -0.276182
720 2.09075 -0.207418
722 2.09075 -0.116177
723 2.09075 0.0724916
724 2.09075 0.243594
725 2.09075 0.243594
726 2.09075 0.615547
728 2.09075 0.615547
729 2.09075 0.449702
731 2.09075 0.449702
732 2.09075 0.449702
734 2.09075 0.0759937
735 2.09075 -0.181064
736 2.09075 0.0945968
737 2.09075 0.189467
738 2.09075 0.0287781
739 2.09075 0.398512
740 2.09075 0.245962
741 2.09075 -0.0865322
743 2.09075 -0.271515
744 2.09075 -0.243124
745 2.09075 -0.0774515
746 2.09075 -0.194493
747 2.09075 -0.154749
748 2.09075 -0.254121
749 2.09075 -0.162537
800 2.32306 -0.162537
801 2.32306 -0.185232
802 2.32306 -0.251944
803 2.32306 -0.203562
804 2.32306 -0.111572
805 2.32306 -0.0672721
806 2.32306 -0.173561
807 2.32306 -0.240045
808 2.32306 -0.242849
809 2.32306 -0.387616
810 2.32306 -0.387616
811 2.32306 -0.387616
812 2.32306 -0.296374
813 2.32306 -0.159626
814 2.32306 0.124968
815 2.32306 0.124968
816 2.32306 -0.256574
817 2.32306 -0.144399
818 2.32306 -0.364511
819 2.32306 -0.43252
820 2.32306 -0.43252
821 2.32306 -0.44147
822 2.32306 -0.362233
823 2.32306 -0.342312
824 2.32306 -0.342312
825 2.32306 -0.342312
826 2.32306 -0.430598
827 2.32306 -0.433496
828 2.32306 -0.412057
829 2.32306 -0.412057
830 2.32306 -0.412057
831 2.32306 -0.422875
832 2.32306 -0.276806
833 2.32306 -0.337087
834 2.32306 -0.290148
835 2.32306 -0.440838
836 2.32306 -0.236223
837 2.32306 -0.298027
838 2.32306 -0.350627
839 2.32306 -0.350627
840 2.32306 -0.168898
841 2.32306 -0.168898
842 2.32306 -0.168898
843 2.32306 -0.381212
844 2.32306 -0.411786
845 2.32306 -0.411786
846 2.32306 -0.411786
847 2.32306 -0.386021
848 2.32306 -0.16318
849 2.32306 0.103467
900 2.58117 -0.284566
901 2.58117 0.0160063
902 2.58117 -0.327447
903 2.58117 -0.36173
904 2.58117 -0.110688
905 2.58117 -0.265018
906 2.58117 -0.265018
907 2.58117 -0.265018
908 2.58117 -0.0644854
909 2.58117 -0.35132
910 2.58117 -0.35132
911 2.58117 -0.383177
912 2.58117 -0.395469
913 2.58117 -0.392082
914 2.58117 -0.392082
915 2.58117 -0.217339
916 2.58117 -0.274369
917 2.58117 0.112348
918 2.58117 -0.0587418
919 2.58117 -0.0840315
920 2.58117 -0.151408
921 2.58117 0.0315236
922 2.58117 0.0315236
923 2.58117 0.0315236
924 2.58117 -0.123137
925 2.58117 -0.123137
926 2.58117 -0.406489
927 2.58117 -0.168564
928 2.58117 -0.438582
929 2.58117 -0.241573
930 2.58117 -0.385519
931 2.58117 -0.385519
932 2.58117 -0.385519
933 2.58117 -0.325492
934 2.58117 -0.325492
935 2.58117 -0.13191
936 2.58117 -0.080269
937 2.58117 -0.080269
938 2.58117 -0.112998
939 2.58117 -0.0600321
940 2.58117 -0.0600321
941 2.58117 -0.0600321
942 2.58117 -0.278754
943 2.58117 -0.20429
944 2.58117 -0.244342
945 2.58117 -0.137957
946 2.58117 -0.137957
949 2.58117 -0.152464
1000 2.86797 -0.173988
1001 2.86797 -0.267367
1002 2.86797 -0.263693
1003 2.86797 -0.225491
1004 2.86797 -0.225491
1005 2.86797 -0.225491
1006 2.86797 -0.286729
1007 2.86797 -0.337917
1008 2.86797 -0.302978
1009 2.86797 -0.229432
1010 2.86797 -0.270635
1011 2.86797 -0.355875
1012 2.86797 -0.355875
1013 2.86797 -0.347562
1014 2.86797 -0.271244
1015 2.86797 -0.271244
1016 2.86797 -0.369257
1017 2.86797 -0.309486
1018 2.86797 -0.252163
1019 2.86797 -0.20354
1020 2.86797 -0.270496
1021 2.86797 0.0290668
1022 2.86797 -0.175254
1023 2.86797 -0.18637
1024 2.86797 0.0406738
1025 2.86797 0.0406738
1026 2.86797 -0.256571
1027 2.86797 -0.252778
1028 2.86797 -0.252778
1029 2.86797 -0.214759
1030 2.86797 -0.234884
1031 2.86797 -0.234884
1034 2.86797 -0.221552
1035 2.86797 -0.185949
1036 2.86797 -0.24202
1037 2.86797 -0.175287
1038 2.86797 -0.213449
1039 2.86797 -0.249645
1041 2.86797 -0.244709
1042 2.86797 -0.241226
1044 2.86797 -0.262226
1045 2.86797 -0.170809
1046 2.86797 -0.250822
1047 2.86797 -0.259588
1048 2.86797 -0.184976
1049 2.86797 -0.234964
1100 3.18664 -0.234964
1101 3.18664 -0.214515
1102 3.18664 -0.235419
1103 3.18664 -0.130859
1104 3.18664 -0.203631
1105 3.18664 -0.246961
1106 3.18664 -0.308252
1107 3.18664 -0.373408
1108 3.18664 -0.373408
1109 3.18664 -0.279303
1110 3.18664 -0.445123
1111 3.18664 -0.445123
1112 3.18664 -0.36812
1113 3.18664 -0.36812
1114 3.18664 -0.36812
1115 3.18664 -0.229802
1116 3.18664 -0.229802
1117 3.18664 -0.34961
1118 3.18664 -0.34961
1119 3.18664 -0.251808
1120 3.18664 -0.391548
1121 3.18664 -0.361666
1122 3.18664 -0.0604105
1123 3.18664 -0.0604105
1124 3.18664 0.334578
1125 3.18664 0.334578
1126 3.18664 -0.0684619
1127 3.18664 -0.0743183
1128 3.18664 -0.0743183
1129 3.18664 -0.0743183
1130 3.18664 -0.162008
1131 3.18664 -0.162008
1132 3.18664 -0.325355
1133 3.18664 -0.274499
1134 3.18664 -0.2245
1135 3.18664 -0.190028
1136 3.18664 -0.190028
1137 3.18664 -0.259196
1138 3.18664 -0.251629
1139 3.18664 -0.176282
1140 3.18664 -0.176282
1141 3.18664 -0.176282
1142 3.18664 -0.188987
1143 3.18664 -0.10568
1144 3.18664 -0.222175
1145 3.18664 -0.0532736
1146 3.18664 0.0231312
1147 3.18664 -0.153332
1148 3.18664 -0.230633
1149 3.18664 -0.230633
1200 3.54071 -0.17567
1201 3.54071 -0.203877
1202 3.54071 -0.256142
1203 3.54071 -0.180048
1204 3.54071 -0.180048
1205 3.54071 -0.286366
1206 3.54071 -0.209222
1207 3.54071 -0.264243
1208 3.54071 -0.242403
1209 3.54071 -0.135394
1211 3.54071 -0.242153
1212 3.54071 -0.242153
1214 3.54071 -0.168198
1215 3.54071 -0.217458
1216 3.54071 -0.232421
1218 3.54071 -0.142738
1220 3.54071 -0.0490624
1221 3.54071 -0.117942
1223 3.54071 -0.115327
1224 3.54071 -0.216893
1225 3.54071 -0.174278
1226 3.54071 -0.222566
1227 3.54071 -0.0325029
1228 3.54071 -0.281725
1229 3.54071 -0.393304
1230 3.54071 -0.30519
1231 3.54071 -0.415585
1232 3.54071 -0.405528
1233 3.54071 -0.23975
1234 3.54071 -0.23975
1235 3.54071 -0.23975
1236 3.54071 -0.21008
1237 3.54071 -0.40983
1238 3.54071 -0.40983
1239 3.54071 -0.198505
1240 3.54071 -0.198505
1241 3.54071 -0.180638
1242 3.54071 -0.180638
1243 3.54071 -0.180638
1244 3.54071 -0.394884
1245 3.54071 -0.107055
1246 3.54071 -0.107055
1247 3.54071 -0.415266
1248 3.54071 -0.415266
1249 3.54071 -0.415266
1300 3.93412 -0.415266
1301 3.93412 -0.400863
1302 3.93412 -0.400863
1303 3.93412 -0.27846
1304 3.93412 -0.27846
1305 3.93412 -0.44064
1306 3.93412 -0.44064
1307 3.93412 -0.44064
1308 3.93412 -0.44064
1309 3.93412 -0.351599
1310 3.93412 -0.328604
1311 3.93412 -0.328604
1312 3.93412 -0.324543
1313 3.93412 -0.384901
1314 3.93412 -0.384901
1315 3.93412 -0.384901
1316 3.93412 -0.359199
1317 3.93412 0.116467
1318 3.93412 0.116467
1319 3.93412 0.0434657
1320 3.93412 0.0434657
1321 3.93412 -0.34758
1322 3.93412 -0.275413
1323 3.93412 -0.275413
1324 3.93412 -0.325395
1325 3.93412 -0.431127
1326 3.93412 -0.431127
1327 3.93412 -0.383647
1328 3.93412 -0.292917
1329 3.93412 -0.291074
1330 3.93412 -0.264207
1331 3.93412 -0.264207
1332 3.93412 -0.188743
1333 3.93412 -0.227791
1334 3.93412 -0.205225
1335 3.93412 -0.240338
1336 3.93412 -0.259178
1337 3.93412 -0.259178
1338 3.93412 -0.255036
1339 3.93412 -0.192103
1340 3.93412 -0.298382
1341 3.93412 -0.383888
1342 3.93412 -0.417646
1343 3.93412 -0.417646
1344 3.93412 -0.417646
1345 3.93412 -0.3683
1346 3.93412 -0.3683
1347 3.93412 -0.398888
1348 3.93412 -0.208424
1349 3.93412 -0.366989
1400 4.37124 -0.436677
1401 4.37124 -0.436677
1402 4.37124 -0.0537933
1403 4.37124 -0.42438
1404 4.37124 -0.393285
1405 4.37124 -0.393285
1406 4.37124 -0.393285
1407 4.37124 -0.301756
1408 4.37124 -0.301756
1409 4.37124 -0.323223
1410 4.37124 -0.336878
1411 4.37124 -0.424372
1412 4.37124 -0.347807
1413 4.37124 -0.433381
1414 4.37124 -0.433381
1415 4.37124 -0.433381
1416 4.37124 -0.433381
1417 4.37124 -0.424004
1418 4.37124 -0.424004
1419 4.37124 -0.383152
1420 4.37124 -0.383152
1421 4.37124 -0.446929
1422 4.37124 -0.446929
1423 4.37124 -0.446929
1424 4.37124 -0.35236
1425 4.37124 -0.35236
1426 4.37124 -0.35236
1427 4.37124 -0.377625
1428 4.37124 -0.377625
1429 4.37124 -0.226717
1430 4.37124 -0.306586
1431 4.37124 -0.306586
1432 4.37124 -0.306586
1433 4.37124 -0.0540846
1434 4.37124 -0.0540846
1435 4.37124 -0.289453
1436 4.37124 -0.289453
1437 4.37124 -0.289453
1438 4.37124 -0.286916
1439 4.37124 -0.171578
1440 4.37124 -0.336666
1441 4.37124 -0.292776
1442 4.37124 -0.441566
1443 4.37124 -0.403817
1444 4.37124 -0.346319
1445 4.37124 -0.346319
1446 4.37124 -0.354058
1447 4.37124 -0.365768
1448 4.37124 -0.261021
1449 4.37124 -0.266153
1500 4.85694 -0.374583
1501 4.85694 -0.374583
1502 4.85694 -0.411786
1503 4.85694 -0.411786
1504 4.85694 -0.42177
1505 4.85694 -0.42177
1506 4.85694 -0.233974
1507 4.85694 -0.233974
1508 4.85694 -0.120587
1509 4.85694 0.117115
1510 4.85694 0.117115
1511 4.85694 0.117115
1512 4.85694 -0.277646
1513 4.85694 -0.393595
1514 4.85694 -0.393595
1515 4.85694 -0.393595
1516 4.85694 -0.393595
1517 4.85694 -0.137561
1518 4.85694 -0.137561
1519 4.85694 -0.137561
1520 4.85694 -0.309983
1521 4.85694 -0.351865
1522 4.85694 -0.351865
1523 4.85694 -0.334949
1524 4.85694 -0.334949
1525 4.85694 -0.413723
1526 4.85694 -0.412385
1527 4.85694 -0.356009
1528 4.85694 -0.391838
1529 4.85694 -0.27639
1530 4.85694 -0.27639
1531 4.85694 -0.0573437
1532 4.85694 -0.0573437
1533 4.85694 -0.0573437
1534 4.85694 -0.0573437
1535 4.85694 -0.0573437
1536 4.85694 -0.0573437
1537 4.85694 -0.0573437
1538 4.85694 -0.0644736
1539 4.85694 -0.395263
1540 4.85694 -0.399818
1541 4.85694 -0.215839
1542 4.85694 -0.388076
1543 4.85694 -0.388076
1544 4.85694 -0.250462
1545 4.85694 -0.398957
1546 4.85694 -0.398957
1547 4.85694 -0.210826
1548 4.85694 -0.41773
1549 4.85694 -0.32668
1600 5.3966 -0.259798
1601 5.3966 -0.302219
1602 5.3966 -0.0454614
1603 5.3966 0.106242
1604 5.3966 -0.159209
1605 5.3966 -0.159209
1606 5.3966 -0.227099
1607 5.3966 -0.227099
1608 5.3966 -0.249383
1609 5.3966 -0.249383
1610 5.3966 -0.270198
1611 5.3966 -0.23077
1612 5.3966 -0.23077
1613 5.3966 -0.230547
1614 5.3966 -0.268211
1615 5.3966 -0.268211
1616 5.3966 -0.207859
1617 5.3966 -0.207859
1618 5.3966 -0.205385
1619 5.3966 -0.0326912
1620 5.3966 -0.164533
1621 5.3966 -0.0789116
1622 5.3966 0.286429
1623 5.3966 -0.0628736
1624 5.3966 -0.200794
1625 5.3966 -0.121953
1626 5.3966 -0.27339
1627 5.3966 -0.313958
1628 5.3966 -0.254625
1629 5.3966 -0.297203
1630 5.3966 -0.264535
1631 5.3966 0.0117633
1632 5.3966 0.0117633
1633 5.3966 0.0117633
1634 5.3966 0.0117633
1635 5.3966 -0.191281
1636 5.3966 -0.327576
1637 5.3966 -0.304066
1638 5.3966 -0.304066
1639 5.3966 -0.409991
1640 5.3966 0.0448482
1641 5.3966 -0.41224
1642 5.3966 -0.41224
1643 5.3966 -0.41224
1644 5.3966 -0.382228
1645 5.3966 -0.387641
1646 5.3966 -0.397725
1647 5.3966 -0.397725
1648 5.3966 -0.397725
1649 5.3966 -0.445113
1700 5.99622 -0.405705
1701 5.99622 -0.405705
1702 5.99622 -0.395896
1703 5.99622 -0.395896
1704 5.99622 -0.409211
1705 5.99622 -0.287004
1706 5.99622 -0.289924
1707 5.99622 -0.411599
1708 5.99622 -0.411599
1709 5.99622 -0.297881
1710 5.99622 -0.297881
1711 5.99622 -0.317322
1712 5.99622 -0.317322
1713 5.99622 -0.282122
1714 5.99622 -0.282122
1715 5.99622 -0.265348
1716 5.99622 -0.258145
1717 5.99622 -0.172855
1718 5.99622 -0.172855
1719 5.99622 -0.277919
1720 5.99622 -0.212995
1721 5.99622 -0.0516169
1722 5.99622 0.102572
1723 5.99622 -0.105218
1724 5.99622 -0.105218
1725 5.99622 -0.144423
1726 5.99622 -0.379837
1727 5.99622 -0.385174
1728 5.99622 -0.385174
1729 5.99622 -0.385174
1730 5.99622 -0.385174
1731 5.99622 -0.385174
1732 5.99622 -0.42249
1733 5.99622 -0.42249
1734 5.99622 -0.42249
1735 5.99622 -0.42249
1736 5.99622 -0.424935
1737 5.99622 -0.332176
1738 5.99622 -0.332176
1739 5.99622 -0.332176
1740 5.99622 -0.328669
1741 5.99622 -0.342878
1742 5.99622 -0.289985
1743 5.99622 -0.340535
1744 5.99622 -0.295277
1745 5.99622 -0.350444
1746 5.99622 -0.350444
1747 5.99622 -0.404484
1748 5.99622 -0.358695
1749 5.99622 -0.436149
1800 6.66246 -0.400557
1801 6.66246 -0.400557
1802 6.66246 -0.419743
1803 6.66246 -0.419743
1804 6.66246 -0.419743
1805 6.66246 -0.419743
1806 6.66246 -0.330429
1807 6.66246 -0.382501
1808 6.66246 -0.382501
1809 6.66246 -0.382501
1810 6.66246 -0.382501
1811 6.66246 -0.432202
1812 6.66246 -0.432202
1813 6.66246 -0.432202
1814 6.66246 -0.432202
1815 6.66246 -0.443026
1816 6.66246 -0.412891
1817 6.66246 -0.347689
1818 6.66246 -0.347689
1819 6.66246 -0.339839
1820 6.66246 -0.353417
1821 6.66246 -0.0448141
1822 6.66246 -0.300359
1823 6.66246 -0.343514
1824 6.66246 -0.343514
1825 6.66246 -0.319944
1826 6.66246 -0.38647
1827 6.66246 -0.373988
1828 6.66246 -0.373988
1829 6.66246 -0.373988
1830 6.66246 -0.395073
1831 6.66246 -0.322729
1832 6.66246 -0.445811
1833 6.66246 -0.445811
1834 6.66246 -0.352874
1835 6.66246 -0.352874
1836 6.66246 -0.352874
1837 6.66246 -0.429812
1838 6.66246 -0.414094
1839 6.66246 -0.373216
1840 6.66246 -0.378546
1841 6.66246 -0.206851
1842 6.66246 -0.346577
1843 6.66246 -0.332103
1844 6.66246 -0.332103
1845 6.66246 -0.337754
1846 6.66246 -0.228876
1847 6.66246 -0.17961
1848 6.66246 -0.17961
1849 6.66246 -0.17961
1900 7.40274 -0.102468
1901 7.40274 -0.102468
1902 7.40274 -0.102468
1903 7.40274 -0.184767
1904 7.40274 -0.184767
1905 7.40274 -0.184767
1906 7.40274 -0.331901
1907 7.40274 -0.331901
1908 7.40274 -0.331901
1909 7.40274 -0.331901
1910 7.40274 -0.286579
1911 7.40274 -0.448004
1912 7.40274 -0.448004
1913 7.40274 -0.206924
1914 7.40274 -0.258372
1915 7.40274 -0.283142
1916 7.40274 -0.405505
1917 7.40274 -0.405505
1918 7.40274 -0.360722
1919 7.40274 -0.360722
1920 7.40274 -0.360722
1921 7.40274 -0.360722
1922 7.40274 -0.346513
1923 7.40274 -0.346513
1924 7.40274 -0.418621
1925 7.40274 -0.418621
1926 7.40274 -0.418621
1927 7.40274 -0.315493
1928 7.40274 -0.206077
1929 7.40274 -0.244339
1930 7.40274 -0.16543
1931 7.40274 -0.248855
1932 7.40274 -0.340526
1933 7.40274 -0.397423
1934 7.40274 -0.397423
1935 7.40274 -0.362779
1936 7.40274 -0.277818
1937 7.40274 -0.373747
1938 7.40274 -0.364124
1939 7.40274 -0.364124
1940 7.40274 -0.364124
1941 7.40274 -0.364124
1942 7.40274 -0.364124
1943 7.40274 -0.364124
1944 7.40274 -0.364124
1945 7.40274 -0.398717
1946 7.40274 -0.398717
1947 7.40274 -0.398717
1948 7.40274 -0.351908
1949 7.40274 -0.337551
2000 8.22526 -0.337551
2001 8.22526 -0.34586
2002 8.22526 -0.413727
2003 8.22526 -0.394774
2004 8.22526 -0.394774
2005 8.22526 -0.394774
2006 8.22526 -0.284323
2007 8.22526 -0.309155
2008 8.22526 -0.397737
2009 8.22526 -0.397737
2010 8.22526 -0.347364
2011 8.22526 -0.278013
2012 8.22526 -0.289908
2013 8.22526 -0.289908
2014 8.22526 -0.333882
2015 8.22526 -0.250485
2016 8.22526 -0.250485
2017 8.22526 -0.250485
2018 8.22526 -0.28066
2019 8.22526 -0.335755
2020 8.22526 -0.44639
2021 8.22526 -0.44639
2022 8.22526 -0.44639
2023 8.22526 -0.44639
2024 8.22526 -0.44639
2025 8.22526 -0.44639
2026 8.22526 -0.44639
2027 8.22526 -0.419166
2028 8.22526 -0.419166
2029 8.22526 -0.444248
2030 8.22526 -0.444248
2031 8.22526 -0.440216
2032 8.22526 -0.279588
2033 8.22526 -0.269408
2034 8.22526 -0.269408
2035 8.22526 -0.269408
2036 8.22526 -0.269408
2037 8.22526 -0.269408
2038 8.22526 -0.433817
2039 8.22526 -0.433817
2040 8.22526 -0.408129
2041 8.22526 -0.408129
2042 8.22526 -0.408129
2043 8.22526 -0.408129
2044 8.22526 -0.408129
2045 8.22526 -0.408129
2046 8.22526 -0.408129
2047 8.22526 -0.408129
2048 8.22526 -0.408129
2049 8.22526 -0.408129
2100 9.13918 -0.408129
2101 9.13918 -0.408129
2102 9.13918 -0.408129
2103 9.13918 -0.408129
2104 9.13918 -0.183278
2105 9.13918 -0.257996
2106 9.13918 -0.257996
2107 9.13918 -0.2652
2108 9.13918 -0.353934
2109 9.13918 -0.410549
2110 9.13918 -0.410549
2111 9.13918 -0.410549
2112 9.13918 -0.403519
2113 9.13918 -0.188712
2114 9.13918 -0.133306
2115 9.13918 -0.133306
2116 9.13918 -0.371153
2117 9.13918 -0.336645
2118 9.13918 -0.336645
2119 9.13918 -0.316944
2120 9.13918 -0.316944
2121 9.13918 -0.434884
2122 9.13918 -0.434884
2123 9.13918 -0.434884
2124 9.13918 -0.391609
2125 9.13918 -0.274706
2126 9.13918 -0.274706
2127 9.13918 -0.0485147
2128 9.13918 -0.0485147
2129 9.13918 -0.255694
2130 9.13918 -0.343923
2131 9.13918 -0.341298
2132 9.13918 -0.341298
2133 9.13918 -0.341298
2134 9.13918 -0.379147
2135 9.13918 -0.379147
2136 9.13918 -0.407685
2137 9.13918 -0.252513
2138 9.13918 -0.194464
2139 9.13918 -0.194464
2140 9.13918 -0.379803
2141 9.13918 -0.379803
2142 9.13918 -0.305924
2143 9.13918 -0.305924
2144 9.13918 -0.305924
2145 9.13918 -0.415806
2146 9.13918 -0.423559
2147 9.13918 -0.423559
2148 9.13918 -0.423559
2149 9.13918 -0.423559
2200 10.1546 -0.423559
2201 10.1546 -0.4298
2202 10.1546 -0.4298
2203 10.1546 -0.4298
2204 10.1546 -0.4298
2205 10.1546 -0.4298
2206 10.1546 -0.37557
2207 10.1546 -0.379384
2208 10.1546 -0.379384
2209 10.1546 -0.379384
2210 10.1546 -0.379384
2211 10.1546 -0.380644
2212 10.1546 -0.427059
2213 10.1546 -0.427059
2214 10.1546 -0.427059
2215 10.1546 -0.403526
2216 10.1546 -0.40325
2217 10.1546 -0.394854
2218 10.1546 -0.394854
2219 10.1546 -0.395369
2220 10.1546 -0.395369
2221 10.1546 -0.395369
2222 10.1546 -0.395369
2223 10.1546 -0.358126
2224 10.1546 -0.358126
2225 10.1546 -0.254002
2226 10.1546 -0.373408
2227 10.1546 -0.373408
2228 10.1546 -0.373408
2229 10.1546 -0.161097
2230 10.1546 -0.161097
2231 10.1546 -0.161097
2232 10.1546 -0.333671
2233 10.1546 -0.445451
2234 10.1546 -0.445451
2235 10.1546 -0.373088
2236 10.1546 -0.346224
2237 10.1546 -0.346224
2238 10.1546 -0.346224
2239 10.1546 -0.243314
2240 10.1546 -0.243314
2241 10.1546 -0.243314
2242 10.1546 -0.402189
2243 10.1546 -0.402189
2244 10.1546 -0.422394
2245 10.1546 -0.422394
2246 10.1546 -0.422394
2247 10.1546 -0.422394
2248 10.1546 -0.422394
2249 10.1546 -0.422394
2300 11.2829 -0.422394
2301 11.2829 -0.422394
2302 11.2829 -0.427902
2303 11.2829 -0.427902
2304 11.2829 -0.427902
2305 11.2829 -0.435906
2306 11.2829 -0.435906
2307 11.2829 -0.435906
2308 11.2829 -0.435906
2309 11.2829 -0.435906
2310 11.2829 -0.214169
2311 11.2829 -0.267319
2312 11.2829 -0.267319
2313 11.2829 -0.267319
2314 11.2829 -0.363558
2315 11.2829 -0.334056
2316 11.2829 -0.255311
2317 11.2829 -0.256909
2318 11.2829 -0.235323
2319 11.2829 -0.242241
2320 11.2829 -0.262957
2321 11.2829 -0.290102
2322 11.2829 -0.290102
2323 11.2829 -0.290102
2324 11.2829 -0.306015
2325 11.2829 -0.332368
2326 11.2829 -0.452244
2327 11.2829 -0.452244
2328 11.2829 -0.263515
2329 11.2829 -0.388353
2330 11.2829 -0.321466
2331 11.2829 -0.403383
2332 11.2829 -0.403383
2333 11.2829 -0.403383
2334 11.2829 -0.409896
2335 11.2829 -0.334107
2336 11.2829 -0.340965
2337 11.2829 -0.340965
2338 11.2829 -0.340965
2339 11.2829 -0.340965
2340 11.2829 -0.366579
2341 11.2829 -0.209656
2342 11.2829 -0.209656
2343 11.2829 -0.12955
2344 11.2829 -0.12955
2345 11.2829 -0.285224
2346 11.2829 -0.336581
2347 11.2829 -0.303832
2348 11.2829 -0.309673
2349 11.2829 -0.309673
2400 12.5366 -0.35984
2401 12.5366 -0.35984
2402 12.5366 -0.420827
2403 12.5366 -0.324759
2404 12.5366 -0.324759
2405 12.5366 -0.415951
2406 12.5366 -0.337981
2407 12.5366 -0.337981
2408 12.5366 -0.313238
2409 12.5366 -0.369859
2410 12.5366 -0.420907
2411 12.5366 -0.420907
2412 12.5366 -0.420907
2413 12.5366 -0.420907
2414 12.5366 -0.420907
2415 12.5366 -0.420907
2416 12.5366 -0.420907
2417 12.5366 -0.400324
2418 12.5366 -0.400324
2419 12.5366 -0.400324
2420 12.5366 -0.400324
2421 12.5366 -0.400324
2422 12.5366 -0.373697
2423 12.5366 -0.373697
2424 12.5366 -0.373697
2425 12.5366 -0.373355
2426 12.5366 -0.373355
2427 12.5366 -0.446015
2428 12.5366 -0.333925
2429 12.5366 -0.333925
2430 12.5366 -0.223612
2431 12.5366 -0.123681
2432 12.5366 -0.123681
2433 12.5366 -0.123681
2434 12.5366 -0.123681
2435 12.5366 -0.123681
2436 12.5366 -0.166939
2437 12.5366 -0.158155
2438 12.5366 -0.230236
2439 12.5366 -0.230236
2440 12.5366 -0.230236
2441 12.5366 -0.230236
2442 12.5366 -0.169022
2443 12.5366 -0.169022
2444 12.5366 -0.169022
2445 12.5366 -0.227865
2446 12.5366 -0.227865
2447 12.5366 -0.238954
2448 12.5366 -0.220033
2449 12.5366 -0.220033
2500 13.9296 -0.220033
2501 13.9296 -0.257414
2502 13.9296 -0.183241
2503 13.9296 -0.183241
2504 13.9296 -0.268031
2505 13.9296 -0.268031
2506 13.9296 -0.226018
2507 13.9296 -0.226018
2508 13.9296 -0.205144
2509 13.9296 -0.205144
2510 13.9296 -0.205144
2511 13.9296 -0.223178
2512 13.9296 -0.249235
2513 13.9296 -0.249235
2514 13.9296 -0.253189
2515 13.9296 -0.253189
2516 13.9296 -0.232308
2517 13.9296 -0.244478
2518 13.9296 -0.244478
2519 13.9296 -0.244478
2520 13.9296 -0.233632
2521 13.9296 -0.233632
2522 13.9296 -0.3123
2523 13.9296 -0.424088
2524 13.9296 -0.424088
2525 13.9296 -0.424088
2526 13.9296 -0.424088
2527 13.9296 -0.432083
2528 13.9296 -0.432083
2529 13.9296 -0.432083
2530 13.9296 -0.435565
2531 13.9296 -0.390421
2532 13.9296 -0.390421
2533 13.9296 -0.390421
2534 13.9296 -0.390421
2535 13.9296 -0.31677
2536 13.9296 -0.446476
2537 13.9296 -0.446476
2538 13.9296 -0.446476
2539 13.9296 -0.395667
2540 13.9296 -0.395667
2541 13.9296 -0.369929
2542 13.9296 -0.369929
2543 13.9296 -0.262239
2544 13.9296 -0.262239
2545 13.9296 -0.262239
2546 13.9296 -0.418476
2547 13.9296 -0.418476
2548 13.9296 -0.418476
2549 13.9296 -0.444072
2600 15.4773 -0.193768
2601 15.4773 -0.300867
2602 15.4773 -0.368779
2603 15.4773 -0.355437
2604 15.4773 -0.399697
2605 15.4773 -0.399697
2606 15.4773 -0.399697
2607 15.4773 -0.399697
2608 15.4773 -0.399697
2609 15.4773 -0.399697
2610 15.4773 -0.399697
2611 15.4773 -0.399697
2612 15.4773 -0.430455
2613 15.4773 -0.341198
2614 15.4773 -0.408768
2615 15.4773 -0.408768
2616 15.4773 -0.404446
2617 15.4773 -0.382758
2618 15.4773 -0.290936
2619 15.4773 -0.290936
2620 15.4773 -0.290936
2621 15.4773 -0.290936
2622 15.4773 -0.290936
2623 15.4773 -0.290936
2624 15.4773 -0.349721
2625 15.4773 -0.31896
2626 15.4773 -0.307829
2627 15.4773 -0.280718
2628 15.4773 -0.160233
2629 15.4773 -0.312874
2630 15.4773 -0.344323
2631 15.4773 -0.344323
2632 15.4773 -0.344323
2633 15.4773 -0.344323
2634 15.4773 -0.424326
2635 15.4773 -0.425012
2636 15.4773 -0.364033
2637 15.4773 -0.364033
2638 15.4773 -0.364033
2639 15.4773 -0.429702
2640 15.4773 -0.418028
2641 15.4773 -0.426402
2642 15.4773 -0.426402
2643 15.4773 -0.409394
2644 15.4773 -0.381893
2645 15.4773 -0.309295
2646 15.4773 -0.402958
2647 15.4773 -0.402958
2648 15.4773 -0.442235
2649 15.4773 -0.442235
2700 17.197 -0.442235
2701 17.197 -0.273285
2702 17.197 -0.410849
2703 17.197 -0.410849
2704 17.197 -0.410849
2705 17.197 -0.410849
2706 17.197 -0.410849
2707 17.197 -0.315983
2708 17.197 -0.414147
2709 17.197 -0.414147
2710 17.197 -0.318866
2711 17.197 -0.414723
2712 17.197 -0.414723
2713 17.197 -0.41581
2714 17.197 -0.41581
2715 17.197 -0.41581
2716 17.197 -0.407631
2717 17.197 -0.407631
2718 17.197 -0.407631
2719 17.197 -0.407631
2720 17.197 -0.328604
2721 17.197 -0.387537
2722 17.197 -0.387537
2723 17.197 -0.387537
2724 17.197 -0.34945
2725 17.197 -0.34945
2726 17.197 -0.377839
2727 17.197 -0.237965
2728 17.197 -0.427552
2729 17.197 -0.421573
2730 17.197 -0.421573
2731 17.197 -0.421573
2732 17.197 -0.421573
2733 17.197 -0.406587
2734 17.197 -0.406587
2735 17.197 -0.392957
2736 17.197 -0.368527
2737 17.197 -0.368527
2738 17.197 -0.368527
2739 17.197 -0.388564
2740 17.197 -0.425618
2741 17.197 -0.425618
2742 17.197 -0.425618
2743 17.197 -0.425012
2744 17.197 -0.409902
2745 17.197 -0.409902
2746 17.197 -0.409902
2747 17.197 -0.393848
2748 17.197 -0.369447
2749 17.197 -0.369447
2800 19.1078 -0.369447
2801 19.1078 -0.369447
2802 19.1078 -0.369447
2803 19.1078 -0.369447
2804 19.1078 -0.369447
2805 19.1078 -0.369447
2806 19.1078 -0.369447
2807 19.1078 -0.369447
2808 19.1078 -0.33789
2809 19.1078 -0.33789
2810 19.1078 -0.33789
2811 19.1078 -0.33789
2812 19.1078 -0.41372
2813 19.1078 -0.41372
2814 19.1078 -0.41372
2815 19.1078 -0.407821
2816 19.1078 -0.407821
2817 19.1078 -0.407821
2818 19.1078 -0.407821
2819 19.1078 -0.407821
2820 19.1078 -0.407821
2821 19.1078 -0.407821
2822 19.1078 -0.407821
2823 19.1078 -0.432794
2824 19.1078 -0.432794
2825 19.1078 -0.432794
2826 19.1078 -0.364278
2827 19.1078 -0.364278
2828 19.1078 -0.364278
2829 19.1078 -0.364278
2830 19.1078 -0.364278
2831 19.1078 -0.387112
2832 19.1078 -0.429847
2833 19.1078 -0.429847
2834 19.1078 -0.429847
2835 19.1078 -0.429847
2836 19.1078 -0.304863
2837 19.1078 -0.393737
2838 19.1078 -0.393737
2839 19.1078 -0.393737
2840 19.1078 -0.393737
2841 19.1078 -0.397205
2842 19.1078 -0.397205
2843 19.1078 -0.397205
2844 19.1078 -0.298757
2845 19.1078 -0.288626
2846 19.1078 -0.288626
2847 19.1078 -0.431632
2848 19.1078 -0.431632
2849 19.1078 -0.431632
2900 21.2308 -0.431632
2901 21.2308 -0.431632
2902 21.2308 -0.431632
2903 21.2308 -0.431632
2904 21.2308 -0.431632
2905 21.2308 -0.431632
2906 21.2308 -0.431632
2907 21.2308 -0.431632
2908 21.2308 -0.40797
2909 21.2308 -0.40797
2910 21.2308 -0.40797
2911 21.2308 -0.40797
2912 21.2308 -0.423388
2913 21.2308 -0.423388
2914 21.2308 -0.423388
2915 21.2308 -0.423388
2916 21.2308 -0.425102
2917 21.2308 -0.425102
2918 21.2308 -0.32432
2919 21.2308 -0.32432
2920 21.2308 -0.32432
2921 21.2308 -0.32432
2922 21.2308 -0.279352
2923 21.2308 -0.300977
2924 21.2308 -0.300977
2925 21.2308 -0.300977
2926 21.2308 -0.300977
2927 21.2308 -0.300977
2928 21.2308 -0.343053
2929 21.2308 -0.421416
2930 21.2308 -0.421416
2931 21.2308 -0.421416
2932 21.2308 -0.421416
2933 21.2308 -0.373637
2934 21.2308 -0.37952
2935 21.2308 -0.37952
2936 21.2308 -0.37952
2937 21.2308 -0.351532
2938 21.2308 -0.350616
2939 21.2308 -0.350616
2940 21.2308 -0.359251
2941 21.2308 -0.359251
2942 21.2308 -0.398527
2943 21.2308 -0.398527
2944 21.2308 -0.409555
2945 21.2308 -0.440733
2946 21.2308 -0.440733
2947 21.2308 -0.440733
2948 21.2308 -0.440733
2949 21.2308 -0.440733
3000 23.5898 -0.440733
3001 23.5898 -0.440733
3002 23.5898 -0.440733
3003 23.5898 -0.440733
3004 23.5898 -0.444548
3005 23.5898 -0.411054
3006 23.5898 -0.411054
3007 23.5898 -0.360218
3008 23.5898 -0.360218
3009 23.5898 -0.395984
3010 23.5898 -0.416666
3011 23.5898 -0.413601
3012 23.5898 -0.413601
3013 23.5898 -0.413601
3014 23.5898 -0.39885
3015 23.5898 -0.39885
3016 23.5898 -0.39885
3017 23.5898 -0.39885
3018 23.5898 -0.39885
3019 23.5898 -0.39885
3020 23.5898 -0.39885
3021 23.5898 -0.39885
3022 23.5898 -0.39885
3023 23.5898 -0.39885
3024 23.5898 -0.39885
3025 23.5898 -0.39885
3026 23.5898 -0.432851
3027 23.5898 -0.432851
3028 23.5898 -0.432851
3029 23.5898 -0.432851
3030 23.5898 -0.411747
3031 23.5898 -0.411747
3032 23.5898 -0.407597
3033 23.5898 -0.407597
3034 23.5898 -0.407597
3035 23.5898 -0.407597
3036 23.5898 -0.407597
3037 23.5898 -0.407597
3038 23.5898 -0.407597
3039 23.5898 -0.407597
3040 23.5898 -0.435372
3041 23.5898 -0.435372
3042 23.5898 -0.435372
3043 23.5898 -0.435372
3044 23.5898 -0.435372
3045 23.5898 -0.435372
3046 23.5898 -0.435372
3047 23.5898 -0.435372
3048 23.5898 -0.435372
3049 23.5898 -0.437473
3100 26.2109 -0.437473
3101 26.2109 -0.437473
3102 26.2109 -0.437473
3103 26.2109 -0.437473
3104 26.2109 -0.437473
3105 26.2109 -0.437473
3106 26.2109 -0.437473
3107 26.2109 -0.39014
3108 26.2109 -0.372528
3109 26.2109 -0.372528
3110 26.2109 -0.357171
3111 26.2109 -0.415318
3112 26.2109 -0.415318
3113 26.2109 -0.415318
3114 26.2109 -0.415318
3115 26.2109 -0.415318
3116 26.2109 -0.415318
3117 26.2109 -0.415318
3118 26.2109 -0.415318
3119 26.2109 -0.415318
3120 26.2109 -0.358495
3121 26.2109 -0.358495
3122 26.2109 -0.358495
3123 26.2109 -0.358495
3124 26.2109 -0.358495
3125 26.2109 -0.358495
3126 26.2109 -0.348247
3127 26.2109 -0.348247
3128 26.2109 -0.416869
3129 26.2109 -0.423496
3130 26.2109 -0.423496
3131 26.2109 -0.338557
3132 26.2109 -0.366145
3133 26.2109 -0.389793
3134 26.2109 -0.338244
3135 26.2109 -0.295185
3136 26.2109 -0.361696
3137 26.2109 -0.321276
3138 26.2109 -0.321276
3139 26.2109 -0.337815
3140 26.2109 -0.401516
3141 26.2109 -0.401516
3142 26.2109 -0.377283
3143 26.2109 -0.377283
3144 26.2109 -0.4394
3145 26.2109 -0.388427
3146 26.2109 -0.388427
3147 26.2109 -0.388427
3148 26.2109 -0.388427
3149 26.2109 -0.388427
3200 29.1232 -0.388427
3201 29.1232 -0.388427
3202 29.1232 -0.388427
3203 29.1232 -0.388427
3204 29.1232 -0.388427
3205 29.1232 -0.388427
3206 29.1232 -0.388427
3207 29.1232 -0.388427
3208 29.1232 -0.388427
3209 29.1232 -0.388427
3210 29.1232 -0.413049
3211 29.1232 -0.413049
3212 29.1232 -0.423526
3213 29.1232 -0.423526
3214 29.1232 -0.423526
3215 29.1232 -0.423526
3216 29.1232 -0.423526
3217 29.1232 -0.372318
3218 29.1232 -0.410288
3219 29.1232 -0.410288
3220 29.1232 -0.410288
3221 29.1232 -0.400086
3222 29.1232 -0.439426
3223 29.1232 -0.439426
3224 29.1232 -0.439426
3225 29.1232 -0.442204
3226 29.1232 -0.442204
3227 29.1232 -0.442204
3228 29.1232 -0.442204
3229 29.1232 -0.442204
3230 29.1232 -0.442204
3231 29.1232 -0.362358
3232 29.1232 -0.362358
3233 29.1232 -0.362358
3234 29.1232 -0.370924
3235 29.1232 -0.370924
3236 29.1232 -0.370924
3237 29.1232 -0.370924
3238 29.1232 -0.370924
3239 29.1232 -0.424003
3240 29.1232 -0.424003
3241 29.1232 -0.424003
3242 29.1232 -0.447081
3243 29.1232 -0.447081
3244 29.1232 -0.434731
3245 29.1232 -0.434731
3246 29.1232 -0.434731
3247 29.1232 -0.434731
3248 29.1232 -0.434731
3249 29.1232 -0.434731
3300 32.3592 -0.434731
3301 32.3592 -0.434731
3302 32.3592 -0.431855
3303 32.3592 -0.431855
3304 32.3592 -0.431855
3305 32.3592 -0.437872
3306 32.3592 -0.437872
3307 32.3592 -0.437872
3308 32.3592 -0.379009
3309 32.3592 -0.379009
3310 32.3592 -0.379009
3311 32.3592 -0.379009
3312 32.3592 -0.372778
3313 32.3592 -0.372778
3314 32.3592 -0.400773
3315 32.3592 -0.387831
3316 32.3592 -0.387831
3317 32.3592 -0.387831
3318 32.3592 -0.387831
3319 32.3592 -0.387831
3320 32.3592 -0.309002
3321 32.3592 -0.380088
3322 32.3592 -0.380088
3323 32.3592 -0.380088
3324 32.3592 -0.380088
3325 32.3592 -0.349933
3326 32.3592 -0.349933
3327 32.3592 -0.355213
3328 32.3592 -0.371832
3329 32.3592 -0.393365
3330 32.3592 -0.427519
3331 32.3592 -0.427519
3332 32.3592 -0.427519
3333 32.3592 -0.427519
3334 32.3592 -0.416973
3335 32.3592 -0.416973
3336 32.3592 -0.416973
3337 32.3592 -0.401339
3338 32.3592 -0.401339
3339 32.3592 -0.442323
3340 32.3592 -0.442323
3341 32.3592 -0.442323
3342 32.3592 -0.442323
3343 32.3592 -0.387223
3344 32.3592 -0.383254
3345 32.3592 -0.391525
3346 32.3592 -0.391525
3347 32.3592 -0.391525
3348 32.3592 -0.391525
3349 32.3592 -0.391525
3400 35.9546 -0.391525
3401 35.9546 -0.391525
3402 35.9546 -0.407704
3403 35.9546 -0.407704
3404 35.9546 -0.42119
3405 35.9546 -0.42119
3406 35.9546 -0.42119
3407 35.9546 -0.42119
3408 35.9546 -0.42869
3409 35.9546 -0.432031
3410 35.9546 -0.405251
3411 35.9546 -0.405251
3412 35.9546 -0.405251
3413 35.9546 -0.432649
3414 35.9546 -0.432649
3415 35.9546 -0.432649
3416 35.9546 -0.432649
3417 35.9546 -0.432649
3418 35.9546 -0.432649
3419 35.9546 -0.432649
3420 35.9546 -0.432649
3421 35.9546 -0.432649
3422 35.9546 -0.432649
3423 35.9546 -0.432649
3424 35.9546 -0.432649
3425 35.9546 -0.419795
3426 35.9546 -0.413201
3427 35.9546 -0.413201
3428 35.9546 -0.427285
3429 35.9546 -0.427285
3430 35.9546 -0.427285
3431 35.9546 -0.427285
3432 35.9546 -0.427285
3433 35.9546 -0.427285
3434 35.9546 -0.427285
3435 35.9546 -0.427285
3436 35.9546 -0.427285
3437 35.9546 -0.427285
3438 35.9546 -0.427285
3439 35.9546 -0.427285
3440 35.9546 -0.427285
3441 35.9546 -0.427285
3442 35.9546 -0.398928
3443 35.9546 -0.44428
3444 35.9546 -0.44428
3445 35.9546 -0.44428
3446 35.9546 -0.44428
3447 35.9546 -0.44428
3448 35.9546 -0.44428
3449 35.9546 -0.365495
3500 39.9496 -0.365495
3501 39.9496 -0.365495
3502 39.9496 -0.409684
3503 39.9496 -0.409684
3504 39.9496 -0.409684
3505 39.9496 -0.397147
3506 39.9496 -0.397147
3507 39.9496 -0.397147
3508 39.9496 -0.412207
3509 39.9496 -0.412207
3510 39.9496 -0.431342
3511 39.9496 -0.310644
3512 39.9496 -0.4414
3513 39.9496 -0.4414
3514 39.9496 -0.4414
3515 39.9496 -0.4414
3516 39.9496 -0.4414
3517 39.9496 -0.4414
3518 39.9496 -0.4414
3519 39.9496 -0.4414
3520 39.9496 -0.4414
3521 39.9496 -0.4414
3522 39.9496 -0.426454
3523 39.9496 -0.426454
3524 39.9496 -0.426454
3525 39.9496 -0.426454
3526 39.9496 -0.426454
3527 39.9496 -0.426454
3528 39.9496 -0.426454
3529 39.9496 -0.426454
3530 39.9496 -0.426454
3531 39.9496 -0.426454
3532 39.9496 -0.426454
3533 39.9496 -0.426454
3534 39.9496 -0.426454
3535 39.9496 -0.426454
3536 39.9496 -0.426454
3537 39.9496 -0.418532
3538 39.9496 -0.423418
3539 39.9496 -0.39874
3540 39.9496 -0.39874
3541 39.9496 -0.39874
3542 39.9496 -0.39874
3543 39.9496 -0.406327
3544 39.9496 -0.406327
3545 39.9496 -0.406327
3546 39.9496 -0.406327
3547 39.9496 -0.445425
3548 39.9496 -0.445425
3549 39.9496 -0.446547
3600 44.3884 -0.446547
3601 44.3884 -0.446547
3602 44.3884 -0.446547
3603 44.3884 -0.446547
3604 44.3884 -0.446547
3605 44.3884 -0.446547
3606 44.3884 -0.446547
3607 44.3884 -0.446547
3608 44.3884 -0.446547
3609 44.3884 -0.446547
3610 44.3884 -0.446547
3611 44.3884 -0.446547
3612 44.3884 -0.446547
3613 44.3884 -0.446547
3614 44.3884 -0.446547
3615 44.3884 -0.446547
3616 44.3884 -0.446547
3617 44.3884 -0.446547
3618 44.3884 -0.446547
3619 44.3884 -0.446547
3620 44.3884 -0.431943
3621 44.3884 -0.431943
3622 44.3884 -0.431943
3623 44.3884 -0.383141
3624 44.3884 -0.437702
3625 44.3884 -0.437702
3626 44.3884 -0.437702
3627 44.3884 -0.437702
3628 44.3884 -0.437702
3629 44.3884 -0.444022
3630 44.3884 -0.444022
3631 44.3884 -0.444022
3632 44.3884 -0.444022
3633 44.3884 -0.444022
3634 44.3884 -0.444022
3635 44.3884 -0.444022
3636 44.3884 -0.444022
3637 44.3884 -0.444022
3638 44.3884 -0.444022
3639 44.3884 -0.444022
3640 44.3884 -0.444022
3641 44.3884 -0.444022
3642 44.3884 -0.444022
3643 44.3884 -0.444022
3644 44.3884 -0.444022
3645 44.3884 -0.444022
3646 44.3884 -0.444022
3647 44.3884 -0.42465
3648 44.3884 -0.42465
3649 44.3884 -0.42465
3700 49.3205 -0.42465
3701 49.3205 -0.42465
3702 49.3205 -0.42465
3703 49.3205 -0.42465
3704 49.3205 -0.42465
3705 49.3205 -0.42465
3706 49.3205 -0.42465
3707 49.3205 -0.42465
3708 49.3205 -0.42465
3709 49.3205 -0.42465
3710 49.3205 -0.42465
3711 49.3205 -0.434944
3712 49.3205 -0.434944
3713 49.3205 -0.434944
3714 49.3205 -0.434944
3715 49.3205 -0.434944
3716 49.3205 -0.434944
3717 49.3205 -0.434944
3718 49.3205 -0.434944
3719 49.3205 -0.435559
3720 49.3205 -0.435559
3721 49.3205 -0.435559
3722 49.3205 -0.435559
3723 49.3205 -0.435559
3724 49.3205 -0.435559
3725 49.3205 -0.435559
3726 49.3205 -0.428395
3727 49.3205 -0.428395
3728 49.3205 -0.428395
3729 49.3205 -0.427667
3730 49.3205 -0.427667
3731 49.3205 -0.427667
3732 49.3205 -0.427667
3733 49.3205 -0.443649
3734 49.3205 -0.443649
3735 49.3205 -0.443649
3736 49.3205 -0.443649
3737 49.3205 -0.443649
3738 49.3205 -0.443649
3739 49.3205 -0.443649
3740 49.3205 -0.443649
3741 49.3205 -0.443649
3742 49.3205 -0.443649
3743 49.3205 -0.443649
3744 49.3205 -0.443649
3745 49.3205 -0.443649
3746 49.3205 -0.443649
3747 49.3205 -0.443649
3748 49.3205 -0.443649
3749 49.3205 -0.443649
3800 54.8005 -0.443649
3801 54.8005 -0.427015
3802 54.8005 -0.427015
3803 54.8005 -0.427015
3804 54.8005 -0.427015
3805 54.8005 -0.427015
3806 54.8005 -0.427015
3807 54.8005 -0.427015
3808 54.8005 -0.427015
3809 54.8005 -0.417349
3810 54.8005 -0.417349
3811 54.8005 -0.417349
3812 54.8005 -0.417349
3813 54.8005 -0.417349
3814 54.8005 -0.417349
3815 54.8005 -0.417349
3816 54.8005 -0.417349
3817 54.8005 -0.417349
3818 54.8005 -0.434221
3819 54.8005 -0.438049
3820 54.8005 -0.438049
3821 54.8005 -0.438049
3822 54.8005 -0.438049
3823 54.8005 -0.426587
3824 54.8005 -0.426587
3825 54.8005 -0.426587
3826 54.8005 -0.426587
3827 54.8005 -0.426587
3828 54.8005 -0.426587
3829 54.8005 -0.426587
3830 54.8005 -0.426587
3831 54.8005 -0.426587
3832 54.8005 -0.426587
3833 54.8005 -0.426587
3834 54.8005 -0.426587
3835 54.8005 -0.426587
3836 54.8005 -0.442991
3837 54.8005 -0.442991
3838 54.8005 -0.442991
3839 54.8005 -0.43586
3840 54.8005 -0.43586
3841 54.8005 -0.43586
3842 54.8005 -0.43586
3843 54.8005 -0.43586
3844 54.8005 -0.43586
3845 54.8005 -0.43586
3846 54.8005 -0.43586
3847 54.8005 -0.43586
3848 54.8005 -0.43586
3849 54.8005 -0.43586
3900 60.8895 -0.43586
3901 60.8895 -0.417381
3902 60.8895 -0.417381
3903 60.8895 -0.421832
3904 60.8895 -0.421832
3905 60.8895 -0.421832
3906 60.8895 -0.421832
3907 60.8895 -0.421832
3908 60.8895 -0.421832
3909 60.8895 -0.421832
3910 60.8895 -0.421832
3911 60.8895 -0.421832
3912 60.8895 -0.421832
3913 60.8895 -0.421832
3914 60.8895 -0.421832
3915 60.8895 -0.421832
3916 60.8895 -0.421832
3917 60.8895 -0.421832
3918 60.8895 -0.421832
3919 60.8895 -0.424231
3920 60.8895 -0.424231
3921 60.8895 -0.424231
3922 60.8895 -0.424231
3923 60.8895 -0.431123
3924 60.8895 -0.431123
3925 60.8895 -0.431123
3926 60.8895 -0.440312
3927 60.8895 -0.440312
3928 60.8895 -0.440312
3929 60.8895 -0.440312
3930 60.8895 -0.440312
3931 60.8895 -0.440312
3932 60.8895 -0.440312
3933 60.8895 -0.440312
3934 60.8895 -0.440312
3935 60.8895 -0.440312
3936 60.8895 -0.440312
3937 60.8895 -0.440312
3938 60.8895 -0.440312
3939 60.8895 -0.440312
3940 60.8895 -0.440312
3941 60.8895 -0.440312
3942 60.8895 -0.440312
3943 60.8895 -0.440312
3944 60.8895 -0.440312
3945 60.8895 -0.440312
3946 60.8895 -0.440312
3947 60.8895 -0.440312
3948 60.8895 -0.440312
3949 60.8895 -0.440312
4000 67.655 -0.440312
4001 67.655 -0.441946
4002 67.655 -0.441946
4003 67.655 -0.441946
4004 67.655 -0.441946
4005 67.655 -0.441946
4006 67.655 -0.441946
4007 67.655 -0.441946
4008 67.655 -0.450546
4009 67.655 -0.450546
4010 67.655 -0.450546
4011 67.655 -0.450546
4012 67.655 -0.450546
4013 67.655 -0.432881
4014 67.655 -0.437375
4015 67.655 -0.437375
4016 67.655 -0.41978
4017 67.655 -0.41978
4018 67.655 -0.41978
4019 67.655 -0.41978
4020 67.655 -0.41978
4021 67.655 -0.41978
4022 67.655 -0.41978
4023 67.655 -0.41978
4024 67.655 -0.41978
4025 67.655 -0.41978
4026 67.655 -0.41978
4027 67.655 -0.41978
4028 67.655 -0.41978
4029 67.655 -0.41978
4030 67.655 -0.41978
4031 67.655 -0.41978
4032 67.655 -0.41978
4033 67.655 -0.41978
4034 67.655 -0.41978
4035 67.655 -0.41978
4036 67.655 -0.41978
4037 67.655 -0.41978
4038 67.655 -0.431163
4039 67.655 -0.431163
4040 67.655 -0.431163
4041 67.655 -0.431163
4042 67.655 -0.431163
4043 67.655 -0.431163
4044 67.655 -0.42805
4045 67.655 -0.42805
4046 67.655 -0.42805
4047 67.655 -0.42805
4048 67.655 -0.42805
4049 67.655 -0.42805
4100 75.1722 -0.42805
4101 75.1722 -0.42805
4102 75.1722 -0.42805
4103 75.1722 -0.42805
4104 75.1722 -0.42805
4105 75.1722 -0.42805
4106 75.1722 -0.42805
4107 75.1722 -0.42805
4108 75.1722 -0.42805
4109 75.1722 -0.42805
4110 75.1722 -0.42805
4111 75.1722 -0.42805
4112 75.1722 -0.42805
4113 75.1722 -0.42805
4114 75.1722 -0.42805
4115 75.1722 -0.42805
4116 75.1722 -0.42805
4117 75.1722 -0.42805
4118 75.1722 -0.42805
4119 75.1722 -0.42805
4120 75.1722 -0.42805
4121 75.1722 -0.42805
4122 75.1722 -0.42805
4123 75.1722 -0.42805
4124 75.1722 -0.42805
4125 75.1722 -0.42805
4126 75.1722 -0.42805
4127 75.1722 -0.42805
4128 75.1722 -0.42805
4129 75.1722 -0.42805
4130 75.1722 -0.42805
4131 75.1722 -0.42805
4132 75.1722 -0.42805
4133 75.1722 -0.42805
4134 75.1722 -0.42805
4135 75.1722 -0.42805
4136 75.1722 -0.432233
4137 75.1722 -0.435543
4138 75.1722 -0.435543
4139 75.1722 -0.435543
4140 75.1722 -0.435543
4141 75.1722 -0.435543
4142 75.1722 -0.450011
4143 75.1722 -0.450011
4144 75.1722 -0.450011
4145 75.1722 -0.450011
4146 75.1722 -0.450011
4147 75.1722 -0.450011
4148 75.1722 -0.450011
4149 75.1722 -0.450011
4200 83.5246 -0.450011
4201 83.5246 -0.450011
4202 83.5246 -0.450011
4203 83.5246 -0.450011
4204 83.5246 -0.450011
4205 83.5246 -0.450011
4206 83.5246 -0.450011
4207 83.5246 -0.450011
4208 83.5246 -0.450011
4209 83.5246 -0.450011
4210 83.5246 -0.450011
4211 83.5246 -0.450011
4212 83.5246 -0.450011
4213 83.5246 -0.450011
4214 83.5246 -0.450011
4215 83.5246 -0.450011
4216 83.5246 -0.450011
4217 83.5246 -0.450011
4218 83.5246 -0.450011
4219 83.5246 -0.450011
4220 83.5246 -0.450011
4221 83.5246 -0.450011
4222 83.5246 -0.450011
4223 83.5246 -0.450011
4224 83.5246 -0.450011
4225 83.5246 -0.450011
4226 83.5246 -0.450011
4227 83.5246 -0.450011
4228 83.5246 -0.444607
4229 83.5246 -0.444607
4230 83.5246 -0.444607
4231 83.5246 -0.444607
4232 83.5246 -0.444607
4233 83.5246 -0.444607
4234 83.5246 -0.444607
4235 83.5246 -0.444607
4236 83.5246 -0.444607
4237 83.5246 -0.444607
4238 83.5246 -0.444607
4239 83.5246 -0.444607
4240 83.5246 -0.444607
4241 83.5246 -0.434925
4242 83.5246 -0.434925
4243 83.5246 -0.434925
4244 83.5246 -0.434925
4245 83.5246 -0.434925
4246 83.5246 -0.434925
4247 83.5246 -0.434925
4248 83.5246 -0.434925
4249 83.5246 -0.434925
4300 92.8052 -0.434925
4301 92.8052 -0.434925
4302 92.8052 -0.434925
4303 92.8052 -0.434925
4304 92.8052 -0.43684
4305 92.8052 -0.43684
4306 92.8052 -0.43684
4307 92.8052 -0.43684
4308 92.8052 -0.43684
4309 92.8052 -0.43684
4310 92.8052 -0.43684
4311 92.8052 -0.43684
4312 92.8052 -0.43684
4313 92.8052 -0.43684
4314 92.8052 -0.432235
4315 92.8052 -0.432235
4316 92.8052 -0.432235
4317 92.8052 -0.432235
4318 92.8052 -0.432235
4319 92.8052 -0.438192
4320 92.8052 -0.438192
4321 92.8052 -0.42857
4322 92.8052 -0.42857
4323 92.8052 -0.42857
4324 92.8052 -0.42857
4325 92.8052 -0.422475
4326 92.8052 -0.427759
4327 92.8052 -0.427759
4328 92.8052 -0.427759
4329 92.8052 -0.429813
4330 92.8052 -0.429813
4331 92.8052 -0.429813
4332 92.8052 -0.440102
4333 92.8052 -0.440102
4334 92.8052 -0.440102
4335 92.8052 -0.440102
4336 92.8052 -0.440102
4337 92.8052 -0.440102
4338 92.8052 -0.440102
4339 92.8052 -0.440102
4340 92.8052 -0.440102
4341 92.8052 -0.440102
4342 92.8052 -0.440102
4343 92.8052 -0.440102
4344 92.8052 -0.440102
4345 92.8052 -0.440102
4346 92.8052 -0.440102
4347 92.8052 -0.440102
4348 92.8052 -0.440102
4349 92.8052 -0.440102
4400 103.117 -0.440102
4401 103.117 -0.440102
4402 103.117 -0.440102
4403 103.117 -0.440102
4404 103.117 -0.440102
4405 103.117 -0.440102
4406 103.117 -0.440102
4407 103.117 -0.440102
4408 103.117 -0.440102
4409 103.117 -0.440102
4410 103.117 -0.440102
4411 103.117 -0.440102
4412 103.117 -0.449689
4413 103.117 -0.449689
4414 103.117 -0.449689
4415 103.117 -0.449689
4416 103.117 -0.449689
4417 103.117 -0.449689
4418 103.117 -0.449689
4419 103.117 -0.449689
4420 103.117 -0.449689
4421 103.117 -0.449689
4422 103.117 -0.449689
4423 103.117 -0.449689
4424 103.117 -0.449689
4425 103.117 -0.449689
4426 103.117 -0.449689
4427 103.117 -0.449689
4428 103.117 -0.449689
4429 103.117 -0.449689
4430 103.117 -0.449689
4431 103.117 -0.449689
4432 103.117 -0.449689
4433 103.117 -0.449689
4434 103.117 -0.449689
4435 103.117 -0.449689
4436 103.117 -0.440232
4437 103.117 -0.440232
4438 103.117 -0.440232
4439 103.117 -0.440232
4440 103.117 -0.440232
4441 103.117 -0.440232
4442 103.117 -0.440232
4443 103.117 -0.440232
4444 103.117 -0.440232
4445 103.117 -0.440232
4446 103.117 -0.440232
4447 103.117 -0.440232
4448 103.117 -0.440232
4449 103.117 -0.440232
4500 114.574 -0.440232
4501 114.574 -0.440232
4502 114.574 -0.440232
4503 114.574 -0.440232
4504 114.574 -0.440232
4505 114.574 -0.440232
4506 114.574 -0.440232
4507 114.574 -0.440232
4508 114.574 -0.440232
4509 114.574 -0.440232
4510 114.574 -0.440232
4511 114.574 -0.440232
4512 114.574 -0.440232
4513 114.574 -0.440232
4514 114.574 -0.440232
4515 114.574 -0.440232
4516 114.574 -0.440232
4517 114.574 -0.440232
4518 114.574 -0.440232
4519 114.574 -0.440232
4520 114.574 -0.440232
4521 114.574 -0.440232
4522 114.574 -0.440232
4523 114.574 -0.440232
4524 114.574 -0.440232
4525 114.574 -0.440232
4526 114.574 -0.440232
4527 114.574 -0.440232
4528 114.574 -0.440232
4529 114.574 -0.440232
4530 114.574 -0.440232
4531 114.574 -0.440232
4532 114.574 -0.440232
4533 114.574 -0.440232
4534 114.574 -0.440232
4535 114.574 -0.439589
4536 114.574 -0.439589
4537 114.574 -0.439589
4538 114.574 -0.447589
4539 114.574 -0.447589
4540 114.574 -0.447589
4541 114.574 -0.447589
4542 114.574 -0.447589
4543 114.574 -0.447589
4544 114.574 -0.447589
4545 114.574 -0.447589
4546 114.574 -0.447589
4547 114.574 -0.447589
4548 114.574 -0.447589
4549 114.574 -0.447589
4600 127.305 -0.447589
4601 127.305 -0.447589
4602 127.305 -0.447589
4603 127.305 -0.447589
4604 127.305 -0.447589
4605 127.305 -0.447589
4606 127.305 -0.447589
4607 127.305 -0.447589
4608 127.305 -0.447589
4609 127.305 -0.447589
4610 127.305 -0.447589
4611 127.305 -0.447589
4612 127.305 -0.447589
4613 127.305 -0.447589
4614 127.305 -0.447589
4615 127.305 -0.447589
4616 127.305 -0.447589
4617 127.305 -0.447589
4618 127.305 -0.447589
4619 127.305 -0.447589
4620 127.305 -0.447589
4621 127.305 -0.447589
4622 127.305 -0.447589
4623 127.305 -0.447589
4624 127.305 -0.447589
4625 127.305 -0.447589
4626 127.305 -0.447589
4627 127.305 -0.447589
4628 127.305 -0.447589
4629 127.305 -0.447589
4630 127.305 -0.447589
4631 127.305 -0.447589
4632 127.305 -0.447589
4633 127.305 -0.447589
4634 127.305 -0.447589
4635 127.305 -0.447589
4636 127.305 -0.447589
4637 127.305 -0.447589
4638 127.305 -0.447589
4639 127.305 -0.447589
4640 127.305 -0.447589
4641 127.305 -0.447589
4642 127.305 -0.447589
4643 127.305 -0.447589
4644 127.305 -0.447589
4645 127.305 -0.447589
4646 127.305 -0.447589
4647 127.305 -0.447589
4648 127.305 -0.447589
4649 127.305 -0.447589
4700 141.45 -0.447589
4701 141.45 -0.447589
4702 141.45 -0.447589
4703 141.45 -0.447589
4704 141.45 -0.447589
4705 141.45 -0.447589
4706 141.45 -0.447589
4707 141.45 -0.447589
4708 141.45 -0.447589
4709 141.45 -0.447589
4710 141.45 -0.447589
4711 141.45 -0.447589
4712 141.45 -0.447589
4713 141.45 -0.447589
4714 141.45 -0.447589
4715 141.45 -0.447589
4716 141.45 -0.447589
4717 141.45 -0.447589
4718 141.45 -0.447589
4719 141.45 -0.447589
4720 141.45 -0.447589
4721 141.45 -0.447589
4722 141.45 -0.447589
4723 141.45 -0.447589
4724 141.45 -0.447589
4725 141.45 -0.447589
4726 141.45 -0.447589
4727 141.45 -0.447589
4728 141.45 -0.447589
4729 141.45 -0.447589
4730 141.45 -0.447589
4731 141.45 -0.447589
4732 141.45 -0.447589
4733 141.45 -0.445682
4734 141.45 -0.436106
4735 141.45 -0.436106
4736 141.45 -0.436106
4737 141.45 -0.442267
4738 141.45 -0.442267
4739 141.45 -0.442267
4740 141.45 -0.442267
4741 141.45 -0.442267
4742 141.45 -0.442267
4743 141.45 -0.442267
4744 141.45 -0.442267
4745 141.45 -0.442267
4746 141.45 -0.442267
4747 141.45 -0.442267
4748 141.45 -0.442267
4749 141.45 -0.442267
4800 157.166 -0.442267
4801 157.166 -0.442267
4802 157.166 -0.442267
4803 157.166 -0.442267
4804 157.166 -0.442267
4805 157.166 -0.442267
4806 157.166 -0.442267
4807 157.166 -0.442267
4808 157.166 -0.442267
4809 157.166 -0.442267
4810 157.166 -0.442267
4811 157.166 -0.442267
4812 157.166 -0.442267
4813 157.166 -0.442267
4814 157.166 -0.442267
4815 157.166 -0.442267
4816 157.166 -0.442267
4817 157.166 -0.442267
4818 157.166 -0.442267
4819 157.166 -0.442267
4820 157.166 -0.442267
4821 157.166 -0.442267
4822 157.166 -0.442267
4823 157.166 -0.442267
4824 157.166 -0.442267
4825 157.166 -0.442267
4826 157.166 -0.442267
4827 157.166 -0.442267
4828 157.166 -0.442267
4829 157.166 -0.442267
4830 157.166 -0.442267
4831 157.166 -0.433122
4832 157.166 -0.433122
4833 157.166 -0.433122
4834 157.166 -0.433122
4835 157.166 -0.433122
4836 157.166 -0.433122
4837 157.166 -0.433122
4838 157.166 -0.433073
4839 157.166 -0.433073
4840 157.166 -0.433073
4841 157.166 -0.422988
4842 157.166 -0.422988
4843 157.166 -0.422988
4844 157.166 -0.417067
4845 157.166 -0.417067
4846 157.166 -0.417067
4847 157.166 -0.417067
4848 157.166 -0.417067
4849 157.166 -0.417067
4900 174.629 -0.417067
4901 174.629 -0.402231
4902 174.629 -0.402231
4903 174.629 -0.438704
4904 174.629 -0.438704
4905 174.629 -0.438704
4906 174.629 -0.438704
4907 174.629 -0.438704
4908 174.629 -0.438704
4909 174.629 -0.438624
4910 174.629 -0.438624
4911 174.629 -0.438624
4912 174.629 -0.438624
4913 174.629 -0.438624
4914 174.629 -0.438624
4915 174.629 -0.438624
4916 174.629 -0.438624
4917 174.629 -0.438624
4918 174.629 -0.438624
4919 174.629 -0.438624
4920 174.629 -0.438624
4921 174.629 -0.438624
4922 174.629 -0.438624
4923 174.629 -0.438624
4924 174.629 -0.438624
4925 174.629 -0.438624
4926 174.629 -0.438624
4927 174.629 -0.438624
4928 174.629 -0.438624
4929 174.629 -0.438624
4930 174.629 -0.438624
4931 174.629 -0.438624
4932 174.629 -0.438624
4933 174.629 -0.438624
4934 174.629 -0.438624
4935 174.629 -0.438624
4936 174.629 -0.438624
4937 174.629 -0.438624
4938 174.629 -0.438624
4939 174.629 -0.438624
4940 174.629 -0.438624
4941 174.629 -0.438624
4942 174.629 -0.438624
4943 174.629 -0.438624
4944 174.629 -0.438624
4945 174.629 -0.438624
4946 174.629 -0.438624
4947 174.629 -0.438624
4948 174.629 -0.438624
4949 174.629 -0.438624
5000 194.033 -0.438624
5001 194.033 -0.438624
5002 194.033 -0.438624
5003 194.033 -0.438624
5004 194.033 -0.438624
5005 194.033 -0.438624
5006 194.033 -0.438624
5007 194.033 -0.438624
5008 194.033 -0.438624
5009 194.033 -0.438624
5010 194.033 -0.438624
5011 194.033 -0.438624
5012 194.033 -0.438624
5013 194.033 -0.438624
5014 194.033 -0.438624
5015 194.033 -0.438624
5016 194.033 -0.438624
5017 194.033 -0.438624
5018 194.033 -0.438624
5019 194.033 -0.438624
5020 194.033 -0.438624
5021 194.033 -0.438624
5022 194.033 -0.438624
5023 194.033 -0.438624
5024 194.033 -0.431434
5025 194.033 -0.431434
5026 194.033 -0.431434
5027 194.033 -0.431434
5028 194.033 -0.431434
5029 194.033 -0.431434
5030 194.033 -0.431434
5031 194.033 -0.431434
5032 194.033 -0.431434
5033 194.033 -0.439771
5034 194.033 -0.439771
5035 194.033 -0.439771
5036 194.033 -0.439771
5037 194.033 -0.439771
5038 194.033 -0.439771
5039 194.033 -0.439771
5040 194.033 -0.439771
5041 194.033 -0.439771
5042 194.033 -0.439771
5043 194.033 -0.439771
5044 194.033 -0.439771
5045 194.033 -0.439771
5046 194.033 -0.439771
5047 194.033 -0.439771
5048 194.033 -0.439771
5049 194.033 -0.439771
5100 215.592 -0.439771
5101 215.592 -0.439771
5102 215.592 -0.439771
5103 215.592 -0.439771
5104 215.592 -0.439771
5105 215.592 -0.439771
5106 215.592 -0.439771
5107 215.592 -0.439771
5108 215.592 -0.439771
5109 215.592 -0.439771
5110 215.592 -0.439771
5111 215.592 -0.439771
5112 215.592 -0.439771
5113 215.592 -0.439771
5114 215.592 -0.439771
5115 215.592 -0.439771
5116 215.592 -0.439771
5117 215.592 -0.439771
5118 215.592 -0.439771
5119 215.592 -0.439771
5120 215.592 -0.439771
5121 215.592 -0.439771
5122 215.592 -0.439771
5123 215.592 -0.439771
5124 215.592 -0.439771
5125 215.592 -0.439771
5126 215.592 -0.439771
5127 215.592 -0.439771
5128 215.592 -0.439771
5129 215.592 -0.439771
5130 215.592 -0.452588
5131 215.592 -0.452588
5132 215.592 -0.452588
5133 215.592 -0.452588
5134 215.592 -0.452588
5135 215.592 -0.452588
5136 215.592 -0.452588
5137 215.592 -0.452588
5138 215.592 -0.452588
5139 215.592 -0.452588
5140 215.592 -0.452588
5141 215.592 -0.452588
5142 215.592 -0.452588
5143 215.592 -0.452588
5144 215.592 -0.452588
5145 215.592 -0.452588
5146 215.592 -0.452588
5147 215.592 -0.452588
5148 215.592 -0.452588
5149 215.592 -0.452588
5200 239.546 -0.452588
5201 239.546 -0.452588
5202 239.546 -0.452588
5203 239.546 -0.452588
5204 239.546 -0.452588
5205 239.546 -0.452588
5206 239.546 -0.452588
5207 239.546 -0.452588
5208 239.546 -0.452588
5209 239.546 -0.452588
5210 239.546 -0.452588
5211 239.546 -0.452588
5212 239.546 -0.452588
5213 239.546 -0.452588
5214 239.546 -0.452588
5215 239.546 -0.452588
5216 239.546 -0.452588
5217 239.546 -0.452588
5218 239.546 -0.452588
5219 239.546 -0.452588
5220 239.546 -0.452588
5221 239.546 -0.448572
5222 239.546 -0.448572
5223 239.546 -0.448572
5224 239.546 -0.448572
5225 239.546 -0.448572
5226 239.546 -0.448572
5227 239.546 -0.448572
5228 239.546 -0.448572
5229 239.546 -0.448572
5230 239.546 -0.448572
5231 239.546 -0.448572
5232 239.546 -0.448572
5233 239.546 -0.448572
5234 239.546 -0.448572
5235 239.546 -0.448572
5236 239.546 -0.448572
5237 239.546 -0.448572
5238 239.546 -0.448572
5239 239.546 -0.448572
5240 239.546 -0.448572
5241 239.546 -0.448572
5242 239.546 -0.448572
5243 239.546 -0.448572
5244 239.546 -0.448572
5245 239.546 -0.448572
5246 239.546 -0.448572
5247 239.546 -0.448572
5248 239.546 -0.448572
5249 239.546 -0.448572
5300 266.163 -0.448572
5301 266.163 -0.448572
5302 266.163 -0.448572
5303 266.163 -0.448572
5304 266.163 -0.448572
5305 266.163 -0.448572
5306 266.163 -0.448572
5307 266.163 -0.448572
5308 266.163 -0.448572
5309 266.163 -0.448572
5310 266.163 -0.448572
5311 266.163 -0.448572
5312 266.163 -0.448572
5313 266.163 -0.448572
5314 266.163 -0.448572
5315 266.163 -0.448572
5316 266.163 -0.448572
5317 266.163 -0.448572
5318 266.163 -0.448572
5319 266.163 -0.448572
5320 266.163 -0.448572
5321 266.163 -0.448572
5322 266.163 -0.448572
5323 266.163 -0.448572
5324 266.163 -0.448572
5325 266.163 -0.448572
5326 266.163 -0.448572
5327 266.163 -0.448572
5328 266.163 -0.448572
5329 266.163 -0.448572
5330 266.163 -0.448572
5331 266.163 -0.448572
5332 266.163 -0.448572
5333 266.163 -0.448572
5334 266.163 -0.448572
5335 266.163 -0.448572
5336 266.163 -0.448572
5337 266.163 -0.448572
5338 266.163 -0.448572
5339 266.163 -0.448572
5340 266.163 -0.448572
5341 266.163 -0.448572
5342 266.163 -0.448572
5343 266.163 -0.448572
5344 266.163 -0.448572
5345 266.163 -0.448572
5346 266.163 -0.448572
5347 266.163 -0.448572
5348 266.163 -0.448572
5349 266.163 -0.448572
5400 295.736 -0.448572
5401 295.736 -0.448572
5402 295.736 -0.448572
5403 295.736 -0.448572
5404 295.736 -0.448572
5405 295.736 -0.448572
5406 295.736 -0.448572
5407 295.736 -0.448572
5408 295.736 -0.448572
5409 295.736 -0.448572
5410 295.736 -0.448572
5411 295.736 -0.448572
5412 295.736 -0.448572
5413 295.736 -0.448572
5414 295.736 -0.448642
5415 295.736 -0.448642
5416 295.736 -0.448642
5417 295.736 -0.448642
5418 295.736 -0.448642
5419 295.736 -0.448642
5420 295.736 -0.448642
5421 295.736 -0.448642
5422 295.736 -0.448642
5423 295.736 -0.448642
5424 295.736 -0.448642
5425 295.736 -0.448642
5426 295.736 -0.448642
5427 295.736 -0.448642
5428 295.736 -0.448642
5429 295.736 -0.448642
5430 295.736 -0.448642
5431 295.736 -0.448642
5432 295.736 -0.448642
5433 295.736 -0.448642
5434 295.736 -0.448642
5435 295.736 -0.448642
5436 295.736 -0.448642
5437 295.736 -0.448642
5438 295.736 -0.448642
5439 295.736 -0.448642
5440 295.736 -0.448642
5441 295.736 -0.452708
5442 295.736 -0.452708
5443 295.736 -0.452708
5444 295.736 -0.452708
5445 295.736 -0.452708
5446 295.736 -0.452708
5447 295.736 -0.452708
5448 295.736 -0.452708
5449 295.736 -0.452708
5500 328.596 -0.452708
5501 328.596 -0.452708
5502 328.596 -0.452708
5503 328.596 -0.452708
5504 328.596 -0.452708
5505 328.596 -0.452708
5506 328.596 -0.452708
5507 328.596 -0.452708
5508 328.596 -0.452708
5509 328.596 -0.452708
5510 328.596 -0.452708
5511 328.596 -0.452708
5512 328.596 -0.452708
5513 328.596 -0.452708
5514 328.596 -0.452708
5515 328.596 -0.452708
5516 328.596 -0.452708
5517 328.596 -0.452708
5518 328.596 -0.452708
5519 328.596 -0.452708
5520 328.596 -0.452708
5521 328.596 -0.452708
5522 328.596 -0.452708
5523 328.596 -0.452708
5524 328.596 -0.452708
5525 328.596 -0.452708
5526 328.596 -0.452708
5527 328.596 -0.452708
5528 328.596 -0.452708
5529 328.596 -0.452708
5530 328.596 -0.452708
5531 328.596 -0.452708
5532 328.596 -0.452708
5533 328.596 -0.452708
5534 328.596 -0.452708
5535 328.596 -0.452708
5536 328.596 -0.452708
5537 328.596 -0.452708
5538 328.596 -0.452708
5539 328.596 -0.452708
5540 328.596 -0.452708
5541 328.596 -0.452708
5542 328.596 -0.452708
5543 328.596 -0.452708
5544 328.596 -0.452708
5545 328.596 -0.452708
5546 328.596 -0.452708
5547 328.596 -0.452708
5548 328.596 -0.452708
5549 328.596 -0.452708
5600 365.106 -0.452708
5601 365.106 -0.452708
5602 365.106 -0.452708
5603 365.106 -0.452708
5604 365.106 -0.452708
5605 365.106 -0.452708
5606 365.106 -0.452708
5607 365.106 -0.452708
5608 365.106 -0.452708
5609 365.106 -0.452708
5610 365.106 -0.452708
5611 365.106 -0.452708
5612 365.106 -0.452708
5613 365.106 -0.452708
5614 365.106 -0.452708
5615 365.106 -0.452708
5616 365.106 -0.452708
5617 365.106 -0.452708
5618 365.106 -0.452708
5619 365.106 -0.452708
5620 365.106 -0.452708
5621 365.106 -0.452708
5622 365.106 -0.452708
5623 365.106 -0.452708
5624 365.106 -0.452708
5625 365.106 -0.452708
5626 365.106 -0.452708
5627 365.106 -0.452708
5628 365.106 -0.452708
5629 365.106 -0.452708
5630 365.106 -0.452708
5631 365.106 -0.452708
5632 365.106 -0.452708
5633 365.106 -0.452708
5634 365.106 -0.452708
5635 365.106 -0.452708
5636 365.106 -0.452708
5637 365.106 -0.452708
5638 365.106 -0.452708
5639 365.106 -0.452708
5640 365.106 -0.452708
5641 365.106 -0.452708
5642 365.106 -0.452708
5643 365.106 -0.452708
5644 365.106 -0.452708
5645 365.106 -0.452708
5646 365.106 -0.452708
5647 365.106 -0.452708
5648 365.106 -0.452708
5649 365.106 -0.452708
5700 405.674 -0.452708
5701 405.674 -0.452708
5702 405.674 -0.452708
5703 405.674 -0.452708
5704 405.674 -0.452708
5705 405.674 -0.452708
5706 405.674 -0.452708
5707 405.674 -0.452708
5708 405.674 -0.452708
5709 405.674 -0.452708
5710 405.674 -0.452708
5711 405.674 -0.452708
5712 405.674 -0.452708
5713 405.674 -0.452708
5714 405.674 -0.452708
5715 405.674 -0.452708
5716 405.674 -0.452708
5717 405.674 -0.452708
5718 405.674 -0.452708
5719 405.674 -0.452708
5720 405.674 -0.452708
5721 405.674 -0.452708
5722 405.674 -0.452708
5723 405.674 -0.452708
5724 405.674 -0.452708
5725 405.674 -0.452708
5726 405.674 -0.452708
5727 405.674 -0.452708
5728 405.674 -0.452708
5729 405.674 -0.452708
5730 405.674 -0.452708
5731 405.674 -0.452708
5732 405.674 -0.452708
5733 405.674 -0.452708
5734 405.674 -0.452708
5735 405.674 -0.452708
5736 405.674 -0.452708
5737 405.674 -0.452708
5738 405.674 -0.452708
5739 405.674 -0.452708
5740 405.674 -0.452708
5741 405.674 -0.452708
5742 405.674 -0.452708
5743 405.674 -0.452708
5744 405.674 -0.452708
5745 405.674 -0.452708
5746 405.674 -0.452708
5747 405.674 -0.452708
5748 405.674 -0.452708
5749 405.674 -0.452708
5800 450.749 -0.452708
5801 450.749 -0.452708
5802 450.749 -0.452708
5803 450.749 -0.452708
5804 450.749 -0.452708
5805 450.749 -0.452708
5806 450.749 -0.452708
5807 450.749 -0.452708
5808 450.749 -0.452708
5809 450.749 -0.452708
5810 450.749 -0.452708
5811 450.749 -0.452708
5812 450.749 -0.452708
5813 450.749 -0.452708
5814 450.749 -0.452708
5815 450.749 -0.452708
5816 450.749 -0.452708
5817 450.749 -0.452708
5818 450.749 -0.452708
5819 450.749 -0.452708
5820 450.749 -0.452708
5821 450.749 -0.452708
5822 450.749 -0.452708
5823 450.749 -0.452708
5824 450.749 -0.452708
5825 450.749 -0.452708
5826 450.749 -0.452708
5827 450.749 -0.452708
5828 450.749 -0.452708
5829 450.749 -0.452708
5830 450.749 -0.452708
5831 450.749 -0.452708
5832 450.749 -0.452708
5833 450.749 -0.452708
5834 450.749 -0.452708
5835 450.749 -0.452708
5836 450.749 -0.452708
5837 450.749 -0.452708
5838 450.749 -0.452708
5839 450.749 -0.452708
5840 450.749 -0.452708
5841 450.749 -0.452708
5842 450.749 -0.452708
5843 450.749 -0.452708
5844 450.749 -0.452708
5845 450.749 -0.452708
5846 450.749 -0.452708
5847 450.749 -0.452708
5848 450.749 -0.452708
5849 450.749 -0.452708
5900 500.832 -0.452708
5901 500.832 -0.452708
5902 500.832 -0.452708
5903 500.832 -0.452708
5904 500.832 -0.452708
5905 500.832 -0.452708
5906 500.832 -0.452708
5907 500.832 -0.452708
5908 500.832 -0.452708
5909 500.832 -0.452708
5910 500.832 -0.452708
5911 500.832 -0.452708
5912 500.832 -0.452708
5913 500.832 -0.452708
5914 500.832 -0.452708
5915 500.832 -0.452708
5916 500.832 -0.452708
5917 500.832 -0.452708
5918 500.832 -0.452708
5919 500.832 -0.452708
5920 500.832 -0.452708
5921 500.832 -0.452708
5922 500.832 -0.452708
5923 500.832 -0.452708
5924 500.832 -0.452708
5925 500.832 -0.452708
5926 500.832 -0.452708
5927 500.832 -0.452708
5928 500.832 -0.452708
5929 500.832 -0.452708
5930 500.832 -0.452708
5931 500.832 -0.452708
5932 500.832 -0.452708
5933 500.832 -0.452708
5934 500.832 -0.452708
5935 500.832 -0.452708
5936 500.832 -0.452708
5937 500.832 -0.452708
5938 500.832 -0.452708
5939 500.832 -0.452708
5940 500.832 -0.452708
5941 500.832 -0.452708
5942 500.832 -0.452708
5943 500.832 -0.452708
5944 500.832 -0.452708
5945 500.832 -0.452708
5946 500.832 -0.452708
5947 500.832 -0.452708
5948 500.832 -0.452708
5949 500.832 -0.452708
6000 556.48 -0.452708
6001 556.48 -0.452708
6002 556.48 -0.452708
6003 556.48 -0.452708
6004 556.48 -0.452708
6005 556.48 -0.452708
6006 556.48 -0.452708
6007 556.48 -0.452708
6008 556.48 -0.452708
6009 556.48 -0.452708
6010 556.48 -0.452708
6011 556.48 -0.452708
6012 556.48 -0.452708
6013 556.48 -0.452708
6014 556.48 -0.452708
6015 556.48 -0.452708
6016 556.48 -0.452708
6017 556.48 -0.452708
6018 556.48 -0.452708
6019 556.48 -0.452708
6020 556.48 -0.452708
6021 556.48 -0.452708
6022 556.48 -0.452708
6023 556.48 -0.452708
6024 556.48 -0.452708
6025 556.48 -0.452708
6026 556.48 -0.452708
6027 556.48 -0.452708
6028 556.48 -0.452708
6029 556.48 -0.452708
6030 556.48 -0.452708
6031 556.48 -0.452708
6032 556.48 -0.452708
6033 556.48 -0.452708
6034 556.48 -0.452708
6035 556.48 -0.452708
6036 556.48 -0.452708
6037 556.48 -0.452708
6038 556.48 -0.452708
6039 556.48 -0.452708
6040 556.48 -0.452708
6041 556.48 -0.452708
6042 556.48 -0.452708
6043 556.48 -0.452708
6044 556.48 -0.452708
6045 556.48 -0.452708
6046 556.48 -0.452708
6047 556.48 -0.452708
6048 556.48 -0.453434
6049 556.48 -0.453434
6100 618.311 -0.453434
6101 618.311 -0.453434
6102 618.311 -0.453434
6103 618.311 -0.453434
6104 618.311 -0.453434
6105 618.311 -0.453434
6106 618.311 -0.453434
6107 618.311 -0.453434
6108 618.311 -0.453434
6109 618.311 -0.453434
6110 618.311 -0.453434
6111 618.311 -0.453434
6112 618.311 -0.453434
6113 618.311 -0.453434
6114 618.311 -0.453434
6115 618.311 -0.453434
6116 618.311 -0.453434
6117 618.311 -0.453434
6118 618.311 -0.453434
6119 618.311 -0.453434
6120 618.311 -0.453434
6121 618.311 -0.453434
6122 618.311 -0.453434
6123 618.311 -0.453434
6124 618.311 -0.453434
6125 618.311 -0.453434
6126 618.311 -0.453434
6127 618.311 -0.453434
6128 618.311 -0.453434
6129 618.311 -0.453434
6130 618.311 -0.453434
6131 618.311 -0.453434
6132 618.311 -0.453434
6133 618.311 -0.453434
6134 618.311 -0.453434
6135 618.311 -0.453434
6136 618.311 -0.453434
6137 618.311 -0.453434
6138 618.311 -0.453434
6139 618.311 -0.453434
6140 618.311 -0.453434
6141 618.311 -0.453434
6142 618.311 -0.453434
6143 618.311 -0.453434
6144 618.311 -0.453434
6145 618.311 -0.453434
6146 618.311 -0.453434
6147 618.311 -0.453434
6148 618.311 -0.453434
6149 618.311 -0.453434
6200 687.012 -0.453434
6201 687.012 -0.453434
6202 687.012 -0.453434
6203 687.012 -0.453434
6204 687.012 -0.453434
6205 687.012 -0.453434
6206 687.012 -0.453434
6207 687.012 -0.453434
6208 687.012 -0.453434
6209 687.012 -0.453434
6210 687.012 -0.453434
6211 687.012 -0.453434
6212 687.012 -0.453434
6213 687.012 -0.453434
6214 687.012 -0.453434
6215 687.012 -0.453434
6216 687.012 -0.453434
6217 687.012 -0.453434
6218 687.012 -0.453434
6219 687.012 -0.453434
6220 687.012 -0.453434
6221 687.012 -0.453434
6222 687.012 -0.453434
6223 687.012 -0.453434
6224 687.012 -0.453434
6225 687.012 -0.453434
6226 687.012 -0.453434
6227 687.012 -0.453434
6228 687.012 -0.453434
6229 687.012 -0.453434
6230 687.012 -0.453434
6231 687.012 -0.453434
6232 687.012 -0.453434
6233 687.012 -0.453434
6234 687.012 -0.453434
6235 687.012 -0.453434
6236 687.012 -0.453434
6237 687.012 -0.453434
6238 687.012 -0.453434
6239 687.012 -0.453434
6240 687.012 -0.453434
6241 687.012 -0.453434
6242 687.012 -0.453434
6243 687.012 -0.453434
6244 687.012 -0.453434
6245 687.012 -0.453434
6246 687.012 -0.453434
6247 687.012 -0.453434
6248 687.012 -0.453434
6249 687.012 -0.453434
6300 763.347 -0.453434
6301 763.347 -0.453434
6302 763.347 -0.453434
6303 763.347 -0.453434
6304 763.347 -0.453434
6305 763.347 -0.453434
6306 763.347 -0.453434
6307 763.347 -0.453434
6308 763.347 -0.453434
6309 763.347 -0.453434
6310 763.347 -0.453434
6311 763.347 -0.453434
6312 763.347 -0.453434
6313 763.347 -0.453434
6314 763.347 -0.453434
6315 763.347 -0.453434
6316 763.347 -0.453434
6317 763.347 -0.453434
6318 763.347 -0.453434
6319 763.347 -0.453434
6320 763.347 -0.453434
6321 763.347 -0.453434
6322 763.347 -0.453434
6323 763.347 -0.453434
6324 763.347 -0.453434
6325 763.347 -0.453434
6326 763.347 -0.453434
6327 763.347 -0.453434
6328 763.347 -0.453434
6329 763.347 -0.453434
6330 763.347 -0.453434
6331 763.347 -0.453434
6332 763.347 -0.453434
6333 763.347 -0.453434
6334 763.347 -0.453434
6335 763.347 -0.453434
6336 763.347 -0.453434
6337 763.347 -0.453434
6338 763.347 -0.453434
6339 763.347 -0.453434
6340 763.347 -0.453434
6341 763.347 -0.453434
6342 763.347 -0.453434
6343 763.347 -0.453434
6344 763.347 -0.453434
6345 763.347 -0.453434
6346 763.347 -0.453434
6347 763.347 -0.453434
6348 763.347 -0.453434
6349 763.347 -0.453434
6400 848.163 -0.453434
6401 848.163 -0.453434
6402 848.163 -0.453434
6403 848.163 -0.453434
6404 848.163 -0.453434
6405 848.163 -0.453434
6406 848.163 -0.453434
6407 848.163 -0.453434
6408 848.163 -0.453434
6409 848.163 -0.453434
6410 848.163 -0.453434
6411 848.163 -0.453434
6412 848.163 -0.453434
6413 848.163 -0.453434
6414 848.163 -0.453434
6415 848.163 -0.453434
6416 848.163 -0.453434
6417 848.163 -0.453434
6418 848.163 -0.453434
6419 848.163 -0.453434
6420 848.163 -0.453434
6421 848.163 -0.453434
6422 848.163 -0.453434
6423 848.163 -0.453434
6424 848.163 -0.453434
6425 848.163 -0.453434
6426 848.163 -0.453434
6427 848.163 -0.453434
6428 848.163 -0.453434
6429 848.163 -0.453434
6430 848.163 -0.453434
6431 848.163 -0.453434
6432 848.163 -0.453434
6433 848.163 -0.453434
6434 848.163 -0.453434
6435 848.163 -0.453434
6436 848.163 -0.453434
6437 848.163 -0.453434
6438 848.163 -0.453434
6439 848.163 -0.453434
6440 848.163 -0.453434
6441 848.163 -0.453434
6442 848.163 -0.453434
6443 848.163 -0.453434
6444 848.163 -0.453434
6445 848.163 -0.453434
6446 848.163 -0.453434
6447 848.163 -0.453434
6448 848.163 -0.453434
6449 848.163 -0.453434
6500 942.403 -0.453434
6501 942.403 -0.453434
6502 942.403 -0.453434
6503 942.403 -0.453434
6504 942.403 -0.453434
6505 942.403 -0.453434
6506 942.403 -0.453434
6507 942.403 -0.453434
6508 942.403 -0.453434
6509 942.403 -0.453434
6510 942.403 -0.453434
6511 942.403 -0.453434
6512 942.403 -0.453434
6513 942.403 -0.453434
6514 942.403 -0.453434
6515 942.403 -0.453434
6516 942.403 -0.453434
6517 942.403 -0.453434
6518 942.403 -0.453434
6519 942.403 -0.453434
6520 942.403 -0.453434
6521 942.403 -0.453434
6522 942.403 -0.453434
6523 942.403 -0.453434
6524 942.403 -0.453434
6525 942.403 -0.453434
6526 942.403 -0.453434
6527 942.403 -0.453434
6528 942.403 -0.453434
6529 942.403 -0.453434
6530 942.403 -0.453434
6531 942.403 -0.453434
6532 942.403 -0.453434
6533 942.403 -0.453434
6534 942.403 -0.453434
6535 942.403 -0.453434
6536 942.403 -0.453434
6537 942.403 -0.453434
6538 942.403 -0.453434
6539 942.403 -0.453434
6540 942.403 -0.453434
6541 942.403 -0.453434
6542 942.403 -0.453434
6543 942.403 -0.453434
6544 942.403 -0.453434
6545 942.403 -0.453434
6546 942.403 -0.453434
6547 942.403 -0.453434
6548 942.403 -0.453434
6549 942.403 -0.453434
6600 1047.11 -0.453434
6601 1047.11 -0.453434
6602 1047.11 -0.453434
6603 1047.11 -0.453434
6604 1047.11 -0.453434
6605 1047.11 -0.453434
6606 1047.11 -0.453434
6607 1047.11 -0.453434
6608 1047.11 -0.453434
6609 1047.11 -0.453434
6610 1047.11 -0.453434
6611 1047.11 -0.453434
6612 1047.11 -0.453434
6613 1047.11 -0.453434
6614 1047.11 -0.453434
6615 1047.11 -0.453434
6616 1047.11 -0.453434
6617 1047.11 -0.453434
6618 1047.11 -0.453434
6619 1047.11 -0.453434
6620 1047.11 -0.453434
6621 1047.11 -0.453434
6622 1047.11 -0.453434
6623 1047.11 -0.453434
6624 1047.11 -0.453434
6625 1047.11 -0.453434
6626 1047.11 -0.453434
6627 1047.11 -0.453434
6628 1047.11 -0.453434
6629 1047.11 -0.453434
6630 1047.11 -0.453434
6631 1047.11 -0.453434
6632 1047.11 -0.453434
6633 1047.11 -0.453434
6634 1047.11 -0.453434
6635 1047.11 -0.453434
6636 1047.11 -0.453434
6637 1047.11 -0.453434
6638 1047.11 -0.453434
6639 1047.11 -0.453434
6640 1047.11 -0.453434
6641 1047.11 -0.453434
6642 1047.11 -0.453434
6643 1047.11 -0.453434
6644 1047.11 -0.453434
6645 1047.11 -0.453434
6646 1047.11 -0.453434
6647 1047.11 -0.453434
6648 1047.11 -0.453434
6649 1047.11 -0.453434
6700 1163.46 -0.453434
6701 1163.46 -0.453434
6702 1163.46 -0.453434
6703 1163.46 -0.453434
6704 1163.46 -0.453434
6705 1163.46 -0.453434
6706 1163.46 -0.453434
6707 1163.46 -0.453434
6708 1163.46 -0.453434
6709 1163.46 -0.453434
6710 1163.46 -0.453434
6711 1163.46 -0.453434
6712 1163.46 -0.453434
6713 1163.46 -0.453434
6714 1163.46 -0.453434
6715 1163.46 -0.453434
6716 1163.46 -0.453434
6717 1163.46 -0.453434
6718 1163.46 -0.453434
6719 1163.46 -0.453434
6720 1163.46 -0.453434
6721 1163.46 -0.453434
6722 1163.46 -0.453434
6723 1163.46 -0.453434
6724 1163.46 -0.453434
6725 1163.46 -0.453434
6726 1163.46 -0.453434
6727 1163.46 -0.453434
6728 1163.46 -0.453434
6729 1163.46 -0.453434
6730 1163.46 -0.453434
6731 1163.46 -0.453434
6732 1163.46 -0.453434
6733 1163.46 -0.453434
6734 1163.46 -0.453434
6735 1163.46 -0.453434
6736 1163.46 -0.453434
6737 1163.46 -0.453434
6738 1163.46 -0.453434
6739 1163.46 -0.453434
6740 1163.46 -0.453434
6741 1163.46 -0.453434
6742 1163.46 -0.453434
6743 1163.46 -0.453434
6744 1163.46 -0.453434
6745 1163.46 -0.453434
6746 1163.46 -0.453434
6747 1163.46 -0.453434
6748 1163.46 -0.453434
6749 1163.46 -0.453434
6800 1292.73 -0.453434
6801 1292.73 -0.453434
6802 1292.73 -0.453434
6803 1292.73 -0.453434
6804 1292.73 -0.453434
6805 1292.73 -0.453434
6806 1292.73 -0.453434
6807 1292.73 -0.453434
6808 1292.73 -0.453434
6809 1292.73 -0.453434
6810 1292.73 -0.453434
6811 1292.73 -0.453434
6812 1292.73 -0.453434
6813 1292.73 -0.453434
6814 1292.73 -0.453434
6815 1292.73 -0.453434
6816 1292.73 -0.453434
6817 1292.73 -0.453434
6818 1292.73 -0.453434
6819 1292.73 -0.453434
6820 1292.73 -0.453434
6821 1292.73 -0.453434
6822 1292.73 -0.453434
6823 1292.73 -0.453434
6824 1292.73 -0.453434
6825 1292.73 -0.453434
6826 1292.73 -0.453434
6827 1292.73 -0.453434
6828 1292.73 -0.453434
6829 1292.73 -0.453434
6830 1292.73 -0.453434
6831 1292.73 -0.453434
6832 1292.73 -0.453434
6833 1292.73 -0.453434
6834 1292.73 -0.453434
6835 1292.73 -0.453434
6836 1292.73 -0.453434
6837 1292.73 -0.453434
6838 1292.73 -0.453434
6839 1292.73 -0.453434
6840 1292.73 -0.453434
6841 1292.73 -0.453434
6842 1292.73 -0.453434
6843 1292.73 -0.453434
6844 1292.73 -0.453434
6845 1292.73 -0.453434
6846 1292.73 -0.453434
6847 1292.73 -0.453434
6848 1292.73 -0.453434
6849 1292.73 -0.453434
6900 1436.37 -0.453434
6901 1436.37 -0.453434
6902 1436.37 -0.453434
6903 1436.37 -0.453434
6904 1436.37 -0.453434
6905 1436.37 -0.453434
6906 1436.37 -0.453434
6907 1436.37 -0.453434
6908 1436.37 -0.453434
6909 1436.37 -0.453434
6910 1436.37 -0.453434
6911 1436.37 -0.453434
6912 1436.37 -0.453434
6913 1436.37 -0.453434
6914 1436.37 -0.453434
6915 1436.37 -0.453434
6916 1436.37 -0.453434
6917 1436.37 -0.453434
6918 1436.37 -0.453434
6919 1436.37 -0.453434
6920 1436.37 -0.453434
6921 1436.37 -0.453434
6922 1436.37 -0.453434
6923 1436.37 -0.453434
6924 1436.37 -0.453434
6925 1436.37 -0.453434
6926 1436.37 -0.453434
6927 1436.37 -0.453434
6928 1436.37 -0.453434
6929 1436.37 -0.453434
6930 1436.37 -0.453434
6931 1436.37 -0.453434
6932 1436.37 -0.453434
6933 1436.37 -0.453434
6934 1436.37 -0.453434
6935 1436.37 -0.453434
6936 1436.37 -0.453434
6937 1436.37 -0.453434
6938 1436.37 -0.453434
6939 1436.37 -0.453434
6940 1436.37 -0.453434
6941 1436.37 -0.453434
6942 1436.37 -0.453434
6943 1436.37 -0.453434
6944 1436.37 -0.453434
6945 1436.37 -0.453434
6946 1436.37 -0.453434
6947 1436.37 -0.453434
6948 1436.37 -0.453434
6949 1436.37 -0.453434
