0 424.757
1 405.079
2 392.382
3 381.101
4 371.065
5 366.097
6 361.911
7 357.127
8 348.161
9 344.114
10 336.334
11 332.67
12 325.222
13 316.624
14 309.456
15 306.028
16 302.264
17 291.215
18 291.215
19 286.216
20 284.23
21 280.733
22 277.013
23 269.898
24 268.813
25 265.3
26 259.025
27 253.385
28 247.736
29 243.326
30 240.503
31 238.34
32 235.955
33 234.428
34 231.181
35 224.322
36 223.969
37 218.409
38 216.881
39 215.893
40 214.773
41 213.902
42 212.373
43 210.643
44 209.458
45 209.11
46 207.333
47 205.248
48 203.455
49 203.455
50 199.83
51 198.381
52 193.488
53 193.397
54 192.01
55 188.66
56 187.762
57 187.61
58 184.323
59 182.194
60 180.542
61 177.822
62 176.544
63 173.125
64 173.125
65 171.492
66 169.867
67 169.867
68 167.032
69 166.783
70 161.485
71 161.485
72 158.988
73 158.358
74 158.358
75 158.29
76 158.267
77 156.998
78 156.966
79 155.641
80 155.042
81 154.002
82 153.751
83 152.947
84 152.358
85 151.303
86 148.323
87 148.323
88 147.892
89 146.266
90 142.876
91 141.253
92 140.843
93 140.132
94 140.132
95 139.584
96 139.583
97 139.057
98 138.733
99 135.639
100 134.87
101 134.87
102 132.706
103 132.046
104 132.046
105 132.046
106 131.719
107 131.514
108 131.165
109 131.165
110 130.469
111 128.769
112 128.769
113 128.769
114 128.769
115 128.066
116 128.066
117 127.712
118 127.549
119 127.549
120 125.711
121 125.711
122 125.129
123 125.075
124 124.685
125 124.159
126 124.065
127 124.065
128 123.665
129 122.557
130 121.981
131 121.981
132 121.447
133 119.958
134 119.958
135 119.044
136 118.942
137 117.003
138 115.221
139 115.221
140 115.221
141 114.696
142 114.696
143 114.582
144 113.738
145 113.623
146 112.734
147 112.734
148 111.524
149 109.064
150 106.144
151 106.144
152 105.532
153 105.495
154 105.241
155 104.693
156 104.354
157 103.994
158 103.994
159 103.79
160 103.407
161 103.052
162 103.015
163 102.605
164 101.982
165 101.982
166 101.292
167 101.053
168 100.882
169 100.845
170 100.814
171 100.776
172 100.776
173 100.776
174 100.776
175 100.514
176 100.3
177 100.04
178 100.04
179 99.8084
180 99.3015
181 99.3015
182 99.0365
183 98.8944
184 98.8944
185 98.5188
186 98.3767
187 98.2728
188 98.2728
189 97.8698
190 97.7659
191 96.7284
192 96.7284
193 96.7284
194 96.7284
195 96.6947
196 96.6947
197 95.7833
198 95.7833
199 95.3339
200 95.3339
201 94.4271
202 94.3888
203 94.3888
204 94.3888
205 94.3888
206 94.3888
207 94.3888
208 94.3888
209 94.3888
210 93.781
211 93.0477
212 93.0477
213 92.44
214 92.44
215 92.44
216 92.44
217 92.44
218 92.44
219 91.5275
220 91.5275
221 91.5275
222 91.5275
223 90.6948
224 90.6948
225 90.6709
226 89.8382
227 89.8382
228 89.8382
229 89.8091
230 89.6585
231 89.6585
232 89.2992
233 89.2992
234 89.2992
235 89.0263
236 89.0263
237 89.0263
238 88.9972
239 88.9779
240 88.9779
241 88.7893
242 88.5164
243 88.0711
244 88.0711
245 88.0711
246 86.9293
247 86.9293
248 85.9147
249 85.9147
250 85.6418
251 84.5799
252 83.4339
253 82.4554
254 82.2969
255 81.7454
256 81.556
257 81.4416
258 81.4416
259 80.3756
260 80.3756
261 80.1798
262 80.1798
263 79.8331
264 79.8331
265 79.8331
266 79.8331
267 79.8331
268 79.8331
269 79.5315
270 79.5315
271 79.5315
272 79.5315
273 79.5315
274 79.5315
275 79.5315
276 79.5059
277 79.3934
278 79.3934
279 79.3934
280 79.2789
281 79.2789
282 79.2789
283 79.2496
284 78.867
285 78.5893
286 78.5454
287 78.1774
288 78.1774
289 78.1355
290 77.7236
291 77.6797
292 77.5936
293 77.5498
294 77.1398
295 77.0959
296 77.0959
297 77.075
298 77.075
299 77.075
300 77.075
301 76.9802
302 76.5935
303 76.2442
304 76.2442
305 76.2442
306 75.8197
307 75.8197
308 75.8197
309 75.8197
310 75.7286
311 75.7286
312 75.7286
313 75.2632
314 75.2632
315 75.2632
316 75.2632
317 75.2632
318 74.7872
319 74.7872
320 74.7872
321 74.7872
322 74.7872
323 74.7872
324 74.7872
325 74.7872
326 74.7477
327 74.7477
328 74.7477
329 74.7477
330 74.4285
331 74.4285
332 74.3732
333 74.0541
334 73.9839
335 73.6648
336 73.6648
337 73.4582
338 73.4582
339 73.2452
340 72.926
341 72.7194
342 72.7194
343 72.611
344 72.4044
345 72.1198
346 72.1198
347 71.8047
348 71.8047
349 71.5415
350 71.2265
351 71.2265
352 71.2265
353 71.2265
354 71.2265
355 71.2265
356 71.2265
357 70.968
358 70.968
359 70.968
360 70.968
361 70.968
362 70.968
363 70.968
364 70.968
365 70.968
366 70.968
367 70.968
368 70.968
369 70.968
370 70.968
371 70.968
372 70.968
373 70.968
374 70.968
375 70.968
376 70.968
377 70.968
378 70.9364
379 70.6161
380 70.6161
381 70.5845
382 70.5845
383 70.5664
384 70.5664
385 70.5664
386 70.5664
387 70.5664
388 69.7368
389 69.7368
390 69.7368
391 69.6856
392 69.6856
393 69.6856
394 69.6856
395 69.6856
396 69.6856
397 69.6856
398 69.6856
399 69.6856
400 69.4481
401 69.4481
402 69.4481
403 69.4481
404 69.4481
405 69.4481
406 69.4481
407 69.4481
408 69.4481
409 69.4481
410 69.2391
411 68.9783
412 68.9783
413 68.9783
414 68.9783
415 68.9783
416 68.9783
417 68.9783
418 68.9783
419 68.9783
420 68.9329
421 68.9329
422 68.9329
423 68.9329
424 68.9329
425 68.9329
426 68.9329
427 68.9329
428 68.9329
429 68.9329
430 68.9329
431 68.9329
432 68.9329
433 68.9329
434 68.8477
435 68.8477
436 68.8477
437 68.8477
438 68.8477
439 68.8477
440 68.8477
441 68.8477
442 68.8477
443 68.8477
444 68.8477
445 68.8477
446 68.8477
447 68.8477
448 68.8477
449 68.8477
450 68.8477
451 68.8477
452 68.8477
453 68.8477
454 68.8477
455 68.8477
456 68.8477
457 68.8477
458 68.8477
459 68.8477
460 68.8477
461 68.8477
462 68.8477
463 68.8477
464 68.8477
465 68.8477
466 68.8477
467 68.8477
468 68.5516
469 68.5516
470 68.5516
471 68.5516
472 68.5516
473 68.5516
474 67.883
475 67.883
476 67.883
477 67.883
478 67.883
479 67.883
480 67.883
481 67.883
482 67.883
483 67.883
484 67.883
485 67.883
486 67.883
487 67.883
488 67.883
489 67.883
490 67.883
491 67.883
492 67.883
493 67.883
494 67.883
495 67.883
496 67.883
497 67.883
498 67.883
499 67.883
500 67.883
501 67.883
502 67.883
503 67.883
504 67.8762
505 67.8762
506 67.8762
507 67.8762
508 67.8762
509 67.8762
510 67.8762
511 67.8762
512 67.8762
513 67.8762
514 67.8762
515 67.8762
516 67.8762
517 67.8762
518 67.8762
519 67.8762
520 67.8762
521 67.8762
522 67.8762
523 67.8762
524 67.8762
525 67.8762
526 67.8762
527 67.8762
528 67.8762
529 67.8762
530 67.8762
531 67.8762
532 67.8762
533 67.8762
534 67.8762
535 67.8762
536 67.8762
537 67.7618
538 67.7618
539 67.7618
540 67.7618
541 67.7618
542 67.7618
543 67.6309
544 67.6309
545 67.6309
546 67.6309
547 67.6309
548 67.6309
549 67.6309
550 67.6309
551 67.6309
552 67.6309
553 67.6309
554 67.6309
555 67.6309
556 67.6309
557 67.6309
558 67.6309
559 67.6309
560 67.6309
561 67.6309
562 67.6309
563 67.6309
564 67.6309
565 67.6309
566 67.6309
567 67.6309
568 67.6309
569 67.3578
570 67.3578
571 67.3578
572 67.3578
573 67.3578
574 67.3578
575 67.3578
576 67.3578
577 67.3578
578 67.3578
579 67.3578
580 67.3578
581 67.3578
582 67.3578
583 67.3578
584 67.3578
585 67.3578
586 67.3578
587 67.3578
588 67.3578
589 67.3578
590 67.3578
591 67.3578
592 67.3578
593 67.3578
594 67.3578
595 67.3578
596 67.3578
597 67.3578
598 67.3578
599 67.3578
600 67.3578
601 67.3578
602 67.3578
603 67.3578
604 67.3578
605 67.3578
606 67.3578
607 67.3578
608 67.3578
609 67.3578
610 67.3578
611 67.3578
612 67.3578
613 67.3578
614 67.3578
615 67.3578
616 67.3578
617 67.3578
618 67.3578
619 67.3578
620 67.3578
621 67.3578
622 67.3578
623 67.3578
624 67.3578
625 67.3578
626 67.3578
627 67.3578
628 67.3578
629 67.3578
630 67.3578
631 67.3578
632 67.3578
633 67.3578
634 67.3578
635 67.3578
636 67.3578
637 67.3578
638 67.3578
639 67.3578
640 67.3578
641 67.3578
642 67.3578
643 67.3578
644 67.3578
645 67.3578
646 67.3578
647 67.3578
648 67.3578
649 67.3578
650 67.3578
651 67.3578
652 67.3578
653 67.3578
654 67.3578
655 67.3578
656 67.3578
657 67.3578
658 67.3578
659 67.3578
660 67.3578
661 67.3578
662 67.3578
663 67.3578
664 67.3578
665 67.3578
666 67.3578
667 67.3578
668 67.3578
669 67.3578
670 67.3578
671 67.3578
672 67.3578
673 67.3578
674 67.3578
675 67.3578
676 67.3578
677 67.3578
678 67.3578
679 67.3578
680 67.3578
681 67.3578
682 67.3578
683 67.3578
684 67.3578
685 67.3578
686 67.3578
687 67.3578
688 67.3578
689 67.3578
690 67.3578
691 67.3578
692 67.3578
693 67.3578
694 67.3578
695 67.3578
696 67.3578
697 67.3578
698 67.3578
699 67.3578
700 67.3578
701 67.3578
702 67.3578
703 67.3578
704 67.3578
705 67.3578
706 67.3578
707 67.3578
708 67.3578
709 67.3578
710 67.3578
711 67.3578
712 67.3578
713 67.3578
714 67.3578
715 67.3578
716 67.3578
717 67.3578
718 67.3578
719 67.3578
720 67.3578
721 67.3578
722 67.3578
723 67.3578
724 67.3578
725 67.3578
726 67.3578
727 67.3578
728 67.3578
729 67.3578
730 67.3578
731 67.3578
732 67.3578
733 67.3578
734 67.3578
735 67.3578
736 67.3578
737 67.3578
738 67.3578
739 67.3578
740 67.3578
741 67.3578
742 67.3578
743 67.3578
744 67.3578
745 67.3578
746 67.3578
747 67.3578
748 67.3578
749 67.3578
750 66.8352
751 66.8352
752 66.8352
753 66.8352
754 66.8352
755 66.8352
756 66.8352
757 66.8352
758 66.8352
759 66.8352
760 66.8352
761 66.8352
762 66.8352
763 66.8352
764 66.8352
765 66.8352
766 66.8352
767 66.8352
768 66.8352
769 66.8352
770 66.8352
771 66.8352
772 66.8352
773 66.8352
774 66.8352
775 66.8352
776 66.8352
777 66.8352
778 66.8352
779 66.8352
780 66.8352
781 66.8352
782 66.8352
783 66.8352
784 66.8352
785 66.8352
786 66.8352
787 66.8352
788 66.8352
789 66.8352
790 66.8352
791 66.8352
792 66.8352
793 66.8352
794 66.8352
795 66.8352
796 66.8352
797 66.8352
798 66.8352
799 66.8352
800 66.8352
801 66.8352
802 66.8352
803 66.8352
804 66.8352
805 66.8352
806 66.8352
807 66.8352
808 66.8352
809 66.8352
810 66.8352
811 66.8352
812 66.8352
813 66.8352
814 66.8352
815 66.8352
816 66.8352
817 66.8352
818 66.8352
819 66.8352
820 66.8352
821 66.8352
822 66.8352
823 66.8352
824 66.8352
825 66.8352
826 66.8352
827 66.8352
828 66.8352
829 66.8352
830 66.8352
831 66.8352
832 66.8352
833 66.8352
834 66.8352
835 66.8352
836 66.8352
837 66.8352
838 66.8352
839 66.8352
840 66.8352
841 66.8352
842 66.8352
843 66.8352
844 66.8352
845 66.8352
846 66.8352
847 66.8352
848 66.8352
849 66.8352
850 66.8352
851 66.8352
852 66.8352
853 66.8352
854 66.8352
855 66.8352
856 66.8352
857 66.8352
858 66.8352
859 66.8352
860 66.8352
861 66.8352
862 66.8352
863 66.8352
864 66.8352
865 66.8352
866 66.8352
867 66.8352
868 66.8352
869 66.8352
870 66.8352
871 66.8352
872 66.8352
873 66.8352
874 66.8352
875 66.8352
876 66.8352
877 66.8352
878 66.8352
879 66.8352
880 66.8352
881 66.8352
882 66.8352
883 66.8352
884 66.8352
885 66.8352
886 66.8352
887 66.8352
888 66.8352
889 66.8352
890 66.8352
891 66.8352
892 66.8352
893 66.8352
894 66.8352
895 66.8352
896 66.8352
897 66.8352
898 66.8352
899 66.8352
900 66.8352
901 65.9662
902 65.8789
903 65.8789
904 65.8789
905 65.8789
906 65.8789
907 65.8789
908 65.8789
909 65.8789
910 65.8789
911 65.8789
912 65.8789
913 65.8789
914 65.8789
915 65.8789
916 65.8789
917 65.8789
918 65.8789
919 65.8789
920 65.8789
921 65.8789
922 65.8789
923 65.8789
924 65.8789
925 65.8789
926 65.8789
927 65.8789
928 65.8789
929 65.8789
930 65.8789
931 65.8789
932 65.8789
933 65.8789
934 65.8789
935 65.8789
936 65.8789
937 65.8789
938 65.8789
939 65.8789
940 65.8789
941 65.8789
942 65.8789
943 65.8789
944 65.8789
945 65.8789
946 65.8789
947 65.8789
948 65.8789
949 65.8789
950 65.8789
951 65.8789
952 65.8789
953 65.8789
954 65.8789
955 65.8789
956 65.8789
957 65.8789
958 65.8789
959 65.8789
960 65.8789
961 65.8789
962 65.8789
963 65.8789
964 65.8789
965 65.8789
966 65.8789
967 65.8789
968 65.8789
969 65.8789
970 65.8789
971 65.8789
972 65.8789
973 65.8789
974 65.8789
975 65.8789
976 65.8789
977 65.8789
978 65.8789
979 65.8789
980 65.8789
981 65.8789
982 65.8789
983 65.8789
984 65.8789
985 65.8789
986 65.8789
987 65.8789
988 65.8789
989 65.8789
990 65.8789
991 65.8789
992 65.8789
993 65.8789
994 65.8789
995 65.8789
996 65.8789
997 65.8789
998 65.8789
999 65.8789
1000 65.8789
1001 65.8789
1002 65.8789
1003 65.8789
1004 65.8789
1005 65.8789
1006 65.8789
1007 65.8789
1008 65.8789
1009 65.8789
1010 65.8789
1011 65.8789
1012 65.8789
1013 65.8789
1014 65.8789
1015 65.8789
1016 65.8789
1017 65.8789
1018 65.8789
1019 65.8789
1020 65.8789
1021 65.8789
1022 65.8789
1023 65.8789
1024 65.8789
1025 65.8789
1026 65.8789
1027 65.8789
1028 65.8789
1029 65.8789
1030 65.8789
1031 65.8789
1032 65.8789
1033 65.8789
1034 65.8789
1035 65.8789
1036 65.8789
1037 65.8789
1038 65.8789
1039 65.8789
1040 65.8789
1041 65.8789
1042 65.8789
1043 65.8789
1044 65.8789
1045 65.8789
1046 65.8789
1047 65.8789
1048 65.8789
1049 65.8789
1050 65.8789
1051 65.8789
1052 65.8789
1053 65.8789
1054 65.8789
1055 65.8789
1056 65.8789
1057 65.8789
1058 65.8789
1059 65.8789
1060 65.8789
1061 65.8789
1062 65.8789
1063 65.8789
1064 65.8789
1065 65.8789
1066 65.8789
1067 65.8789
1068 65.8789
1069 65.8789
1070 65.8789
1071 65.8789
1072 65.8789
1073 65.8789
1074 65.8789
1075 65.8789
1076 65.8789
1077 65.8789
1078 65.8789
1079 65.8789
1080 65.8789
1081 65.8789
1082 65.8789
1083 65.8789
1084 65.8789
1085 65.8789
1086 65.8789
1087 65.8789
1088 65.8789
1089 65.8789
1090 65.8789
1091 65.8789
1092 65.8789
1093 65.8789
1094 65.8789
1095 65.8789
1096 65.8789
1097 65.8789
1098 65.8789
1099 65.8789
1100 65.8789
1101 65.8789
1102 65.8789
1103 65.8789
1104 65.8789
1105 65.8789
1106 65.8789
1107 65.8789
1108 65.8789
1109 65.8789
1110 65.8789
1111 65.8789
1112 65.8789
1113 65.8789
1114 65.8789
1115 65.8789
1116 65.8789
1117 65.8789
1118 65.8789
1119 65.8789
1120 65.8789
1121 65.8789
1122 65.8789
1123 65.8789
1124 65.8789
1125 65.8789
1126 65.8789
1127 65.8789
1128 65.8789
1129 65.8789
1130 65.8789
1131 65.8789
1132 65.8789
1133 65.8789
1134 65.8789
1135 65.8789
1136 65.8789
1137 65.8789
1138 65.8789
1139 65.8789
1140 65.8789
1141 65.8789
1142 65.8789
1143 65.8789
1144 65.8789
1145 65.8789
1146 65.8789
1147 65.8789
1148 65.8789
1149 65.8789
1150 65.8789
1151 65.8789
1152 65.8789
1153 65.8789
1154 65.8789
1155 65.8789
1156 65.8789
1157 65.8789
1158 65.8789
1159 65.8789
1160 65.8789
1161 65.8789
1162 65.8789
1163 65.8789
1164 65.8789
1165 65.8789
1166 65.8789
1167 65.8789
1168 65.8789
1169 65.8789
1170 65.8789
1171 65.8789
1172 65.8789
1173 65.8789
1174 65.8789
1175 65.8789
1176 65.8789
1177 65.8789
1178 65.8789
1179 65.8789
1180 65.8789
1181 65.8789
1182 65.8789
1183 65.8789
1184 65.8789
1185 65.8789
1186 65.8789
1187 65.8789
1188 65.8789
1189 65.8789
1190 65.8789
1191 65.8789
1192 65.8789
1193 65.8789
1194 65.8789
1195 65.8789
1196 65.8789
1197 65.8789
1198 65.8789
1199 65.8789
1200 65.8789
1201 65.8789
1202 65.8789
1203 65.8789
1204 65.8789
1205 65.8789
1206 65.8789
1207 65.8789
1208 65.8789
1209 65.8789
1210 65.8789
1211 65.8789
1212 65.8789
1213 65.8789
1214 65.8789
1215 65.8789
1216 65.8789
1217 65.8789
1218 65.8789
1219 65.8789
1220 65.8789
1221 65.8789
1222 65.8789
1223 65.8789
1224 65.8789
1225 65.8789
1226 65.8789
1227 65.8789
1228 65.8789
1229 65.8789
1230 65.8789
1231 65.8789
1232 65.8789
1233 65.8789
1234 65.8789
1235 65.8789
1236 65.8789
1237 65.8789
1238 65.8789
1239 65.8789
1240 65.8789
1241 65.8789
1242 65.8789
1243 65.8789
1244 65.8789
1245 65.8789
1246 65.8789
1247 65.8789
1248 65.8789
1249 65.8789
1250 65.8789
1251 65.8789
1252 65.8789
1253 65.8789
1254 65.8789
1255 65.8789
1256 65.8789
1257 65.8789
1258 65.8789
1259 65.8789
1260 65.8789
1261 65.8789
1262 65.8789
1263 65.8789
1264 65.8789
1265 65.8789
1266 65.8789
1267 65.8789
1268 65.8789
1269 65.8789
1270 65.8789
1271 65.8789
1272 65.8789
1273 65.8789
1274 65.8789
1275 65.8789
1276 65.8789
1277 65.8789
1278 65.8789
1279 65.8789
1280 65.8789
1281 65.8789
1282 65.8789
1283 65.8789
1284 65.8789
1285 65.8789
1286 65.8789
1287 65.8789
1288 65.8789
1289 65.8789
1290 65.8789
1291 65.8789
1292 65.8789
1293 65.8789
1294 65.8789
1295 65.8789
1296 65.8789
1297 65.8789
1298 65.8789
1299 65.8789
1300 65.8789
1301 65.8789
1302 65.8789
1303 65.8789
1304 65.8789
1305 65.8789
1306 65.8789
1307 65.8789
1308 65.8789
1309 65.8789
1310 65.8789
1311 65.8789
1312 65.8789
1313 65.8789
1314 65.8789
1315 65.8789
1316 65.8789
1317 65.8789
1318 65.8789
1319 65.8789
1320 65.8789
1321 65.8789
1322 65.8789
1323 65.8789
1324 65.8789
1325 65.8789
1326 65.8789
1327 65.8789
1328 65.8789
1329 65.8789
1330 65.8789
1331 65.8789
1332 65.8789
1333 65.8789
1334 65.8789
1335 65.8789
1336 65.8789
1337 65.8789
1338 65.8789
1339 65.8789
1340 65.8789
1341 65.8789
1342 65.8789
1343 65.8789
1344 65.8789
1345 65.8789
1346 65.8789
1347 65.8789
1348 65.8789
1349 65.8789
1350 65.8789
1351 65.8789
1352 65.8789
1353 65.8789
1354 65.8789
1355 65.8789
1356 65.8789
1357 65.8789
1358 65.8789
1359 65.8789
1360 65.8789
1361 65.8789
1362 65.8789
1363 65.8789
1364 65.8789
1365 65.8789
1366 65.8789
1367 65.8789
1368 65.8789
1369 65.8789
1370 65.8789
1371 65.8789
1372 65.8789
1373 65.8789
1374 65.8789
1375 65.8789
1376 65.8789
1377 65.8789
1378 65.8789
1379 65.8789
1380 65.8789
1381 65.8789
1382 65.8789
1383 65.8789
1384 65.8789
1385 65.8789
1386 65.8789
1387 65.8789
1388 65.8789
1389 65.8789
1390 65.8789
1391 65.8789
1392 65.8789
1393 65.8789
1394 65.8789
1395 65.8789
1396 65.8789
1397 65.8789
1398 65.8789
1399 65.8789
1400 65.8789
1401 65.8789
1402 65.8789
1403 65.8789
1404 65.8789
1405 65.8789
1406 65.8789
1407 65.8789
1408 65.8789
1409 65.8789
1410 65.8789
1411 65.8789
1412 65.8789
1413 65.8789
1414 65.8789
1415 65.8789
1416 65.8789
1417 65.8789
1418 65.8789
1419 65.8789
1420 65.8789
1421 65.8789
1422 65.8789
1423 65.8789
1424 65.8789
1425 65.8789
1426 65.8789
1427 65.8789
1428 65.8789
1429 65.8789
1430 65.8789
1431 65.8789
1432 65.8789
1433 65.8789
1434 65.8789
1435 65.8789
1436 65.8789
1437 65.8789
1438 65.8789
1439 65.8789
1440 65.8789
1441 65.8789
1442 65.8789
1443 65.8789
1444 65.8789
1445 65.8789
1446 65.8789
1447 65.8789
1448 65.8789
1449 65.8789
1450 65.8789
1451 65.8789
1452 65.8789
1453 65.8789
1454 65.8789
1455 65.8789
1456 65.8789
1457 65.8789
1458 65.8789
1459 65.8789
1460 65.8789
1461 65.8789
1462 65.8789
1463 65.8789
1464 65.8789
1465 65.8789
1466 65.8789
1467 65.8789
1468 65.8789
1469 65.8789
1470 65.8789
1471 65.8789
1472 65.8789
1473 65.8789
1474 65.8789
1475 65.8789
1476 65.8789
1477 65.8789
1478 65.8789
1479 65.8789
1480 65.8789
1481 65.8789
1482 65.8789
1483 65.8789
1484 65.8789
1485 65.8789
1486 65.8789
1487 65.8789
1488 65.8789
1489 65.8789
1490 65.8789
1491 65.8789
1492 65.8789
1493 65.8789
1494 65.8789
1495 65.8789
1496 65.8789
1497 65.8789
1498 65.8789
1499 65.8789
1500 65.8789
1501 65.8789
1502 65.8789
1503 65.8789
1504 65.8789
1505 65.8789
1506 65.8789
1507 65.8789
1508 65.8789
1509 65.8789
1510 65.8789
1511 65.8789
1512 65.8789
1513 65.8789
1514 65.8789
1515 65.8789
1516 65.8789
1517 65.8789
1518 65.8789
1519 65.8789
1520 65.8789
1521 65.8789
1522 65.8789
1523 65.8789
1524 65.8789
1525 65.8789
1526 65.8789
1527 65.8789
1528 65.8789
1529 65.8789
1530 65.8789
1531 65.8789
1532 65.8789
1533 65.8789
1534 65.8789
1535 65.8789
1536 65.8789
1537 65.8789
1538 65.8789
1539 65.8789
1540 65.8789
1541 65.8789
1542 65.8789
1543 65.8789
1544 65.8789
1545 65.8789
1546 65.8789
1547 65.8789
1548 65.8789
1549 65.8789
1550 65.8789
1551 65.8789
1552 65.8789
1553 65.8789
1554 65.8789
1555 65.8789
1556 65.8789
1557 65.8789
1558 65.8789
1559 65.8789
1560 65.8789
1561 65.8789
1562 65.8789
1563 65.8789
1564 65.8789
1565 65.8789
1566 65.8789
1567 65.8789
1568 65.8789
1569 65.8789
1570 65.8789
1571 65.8789
1572 65.8789
1573 65.8789
1574 65.8789
1575 65.8789
1576 65.8789
1577 65.8789
1578 65.8789
1579 65.8789
1580 65.8789
1581 65.8789
1582 65.8789
1583 65.8789
1584 65.8789
1585 65.8789
1586 65.8789
1587 65.8789
1588 65.8789
1589 65.8789
1590 65.8789
1591 65.8789
1592 65.8789
1593 65.8789
1594 65.8789
1595 65.8789
1596 65.8789
1597 65.8789
1598 65.8789
1599 65.8789
1600 65.8789
1601 65.8789
1602 65.8789
1603 65.8789
1604 65.8789
1605 65.8789
1606 65.8789
1607 65.8789
1608 65.8789
1609 65.8789
1610 65.8789
1611 65.8789
1612 65.8789
1613 65.8789
1614 65.8789
1615 65.8789
1616 65.8789
1617 65.8789
1618 65.8789
1619 65.8789
1620 65.8789
1621 65.8789
1622 65.8789
1623 65.8789
1624 65.8789
1625 65.8789
1626 65.8789
1627 65.8789
1628 65.8789
1629 65.8789
1630 65.8789
1631 65.8789
1632 65.8789
1633 65.8789
1634 65.8789
1635 65.8789
1636 65.8789
1637 65.8789
1638 65.8789
1639 65.8789
1640 65.8789
1641 65.8789
1642 65.8789
1643 65.8789
1644 65.8789
1645 65.8789
1646 65.8789
1647 65.8789
1648 65.8789
1649 65.8789
1650 65.8789
1651 65.8789
1652 65.8789
1653 65.8789
1654 65.8789
1655 65.8789
1656 65.8789
1657 65.8789
1658 65.8789
1659 65.8789
1660 65.8789
1661 65.8789
1662 65.8789
1663 65.8789
1664 65.8789
1665 65.8789
1666 65.8789
1667 65.8789
1668 65.8789
1669 65.8789
1670 65.8789
1671 65.8789
1672 65.8789
1673 65.8789
1674 65.8789
1675 65.8789
1676 65.8789
1677 65.8789
1678 65.8789
1679 65.8789
1680 65.8789
1681 65.8789
1682 65.8789
1683 65.8789
1684 65.8789
1685 65.8789
1686 65.8789
1687 65.8789
1688 65.8789
1689 65.8789
1690 65.8789
1691 65.8789
1692 65.8789
1693 65.8789
1694 65.8789
1695 65.8789
1696 65.8789
1697 65.8789
1698 65.8789
1699 65.8789
1700 65.8789
1701 65.7206
1702 65.7206
1703 65.7206
1704 65.7206
1705 65.7206
1706 65.7206
1707 65.7206
1708 65.7206
1709 65.7206
1710 65.7206
1711 65.7206
1712 65.7206
1713 65.7206
1714 65.7206
1715 65.7206
1716 65.7206
1717 65.7206
1718 65.7206
1719 65.7206
1720 65.7206
1721 65.7206
1722 65.7206
1723 65.7206
1724 65.7206
1725 65.7206
1726 65.7206
1727 65.7206
1728 65.7206
1729 65.7206
1730 65.7206
1731 65.7206
1732 65.7206
1733 65.7206
1734 65.7206
1735 65.7206
1736 65.7206
1737 65.7206
1738 65.7206
1739 65.7206
1740 65.7206
1741 65.7206
1742 65.7206
1743 65.7206
1744 65.7206
1745 65.7206
1746 65.7206
1747 65.7206
1748 65.7206
1749 65.7206
1750 65.7206
1751 65.7206
1752 65.7206
1753 65.7206
1754 65.7206
1755 65.7206
1756 65.7206
1757 65.7206
1758 65.7206
1759 65.7206
1760 65.7206
1761 65.7206
1762 65.7206
1763 65.7206
1764 65.7206
1765 65.7206
1766 65.7206
1767 65.7206
1768 65.7206
1769 65.7206
1770 65.7206
1771 65.7206
1772 65.7206
1773 65.7206
1774 65.7206
1775 65.7206
1776 65.7206
1777 65.7206
1778 65.7206
1779 65.7206
1780 65.7206
1781 65.7206
1782 65.7206
1783 65.7206
1784 65.7206
1785 65.7206
1786 65.7206
1787 65.7206
1788 65.7206
1789 65.7206
1790 65.7206
1791 65.7206
1792 65.7206
1793 65.7206
1794 65.7206
1795 65.7206
1796 65.7206
1797 65.7206
1798 65.7206
1799 65.7206
1800 65.7206
1801 65.7206
1802 65.7206
1803 65.7206
1804 65.7206
1805 65.7206
1806 65.7206
1807 65.7206
1808 65.7206
1809 65.7206
1810 65.7206
1811 65.7206
1812 65.7206
1813 65.7206
1814 65.7206
1815 65.7206
1816 65.7206
1817 65.7206
1818 65.7206
1819 65.7206
1820 65.7206
1821 65.7206
1822 65.7206
1823 65.7206
1824 65.7206
1825 65.7206
1826 65.7206
1827 65.7206
1828 65.7206
1829 65.7206
1830 65.7206
1831 65.7206
1832 65.7206
1833 65.7206
1834 65.7206
1835 65.7206
1836 65.7206
1837 65.7206
1838 65.7206
1839 65.7206
1840 65.7206
1841 65.7206
1842 65.7206
1843 65.7206
1844 65.7206
1845 65.7206
1846 65.7206
1847 65.7206
1848 65.7206
1849 65.7206
1850 65.7206
1851 65.7206
1852 65.7206
1853 65.7206
1854 65.7206
1855 65.7206
1856 65.7206
1857 65.7206
1858 65.7206
1859 65.7206
1860 65.7206
1861 65.7206
1862 65.7206
1863 65.7206
1864 65.7206
1865 65.7206
1866 65.7206
1867 65.7206
1868 65.7206
1869 65.7206
1870 65.7206
1871 65.7206
1872 65.7206
1873 65.7206
1874 65.7206
1875 65.7206
1876 65.7206
1877 65.7206
1878 65.7206
1879 65.7206
1880 65.7206
1881 65.7206
1882 65.7206
1883 65.7206
1884 65.7206
1885 65.7206
1886 65.7206
1887 65.7206
1888 65.7206
1889 65.7206
1890 65.7206
1891 65.7206
1892 65.7206
1893 65.7206
1894 65.7206
1895 65.7206
1896 65.7206
1897 65.7206
1898 65.7206
1899 65.7206
1900 65.7206
1901 65.7206
1902 65.7206
1903 65.7206
1904 65.7206
1905 65.7206
1906 65.7206
1907 65.7206
1908 65.7206
1909 65.7206
1910 65.7206
1911 65.7206
1912 65.7206
1913 65.7206
1914 65.7206
1915 65.7206
1916 65.7206
1917 65.7206
1918 65.7206
1919 65.7206
1920 65.7206
1921 65.7206
1922 65.7206
1923 65.7206
1924 65.7206
1925 65.7206
1926 65.7206
1927 65.7206
1928 65.7206
1929 65.7206
1930 65.7206
1931 65.7206
1932 65.7206
1933 65.7206
1934 65.7206
1935 65.7206
1936 65.7206
1937 65.7206
1938 65.7206
1939 65.7206
1940 65.7206
1941 65.7206
1942 65.7206
1943 65.7206
1944 65.7206
1945 65.7206
1946 65.7206
1947 65.7206
1948 65.7206
1949 65.7206
1950 65.7206
1951 65.7206
1952 65.7206
1953 65.7206
1954 65.7206
1955 65.7206
1956 65.7206
1957 65.7206
1958 65.7206
1959 65.7206
1960 65.7206
1961 65.7206
1962 65.7206
1963 65.7206
1964 65.7206
1965 65.7206
1966 65.7206
1967 65.7206
1968 65.7206
1969 65.7206
1970 65.7206
1971 65.7206
1972 65.7206
1973 65.7206
1974 65.7206
1975 65.7206
1976 65.7206
1977 65.7206
1978 65.7206
1979 65.7206
1980 65.7206
1981 65.7206
1982 65.7206
1983 65.7206
1984 65.7206
1985 65.7206
1986 65.7206
1987 65.7206
1988 65.7206
1989 65.7206
1990 65.7206
1991 65.7206
1992 65.7206
1993 65.7206
1994 65.7206
1995 65.7206
1996 65.7206
1997 65.7206
1998 65.7206
1999 65.7206
