0 419.203
1 403.112
2 393.642
3 376.036
4 368.928
5 360.649
6 341.751
7 339.219
8 338.732
9 327.08
10 311.318
11 304.705
12 294.709
13 292.683
14 285.37
15 282.521
16 280.514
17 271.578
18 271.578
19 266.822
20 260.44
21 255.944
22 255.944
23 250.315
24 246.218
25 244.779
26 240.812
27 240.812
28 239.226
29 235.392
30 234.028
31 229.339
32 225.895
33 224.621
34 222.202
35 219.221
36 218.457
37 215.676
38 215.676
39 212.801
40 211.711
41 210.172
42 204.387
43 204.061
44 201.423
45 199.005
46 198.337
47 198.306
48 194.131
49 192.95
50 192.95
51 191.546
52 187.922
53 187.293
54 187.293
55 185.107
56 184.073
57 181.568
58 181.411
59 178.981
60 178.981
61 178.776
62 176.587
63 176.196
64 175.398
65 173.531
66 172.809
67 172.169
68 169.607
69 169.162
70 166.6
71 166.227
72 164.221
73 163.309
74 163.091
75 161.806
76 157.048
77 155.47
78 154.486
79 153.595
80 153.173
81 151.307
82 149.805
83 148.659
84 147.704
85 146.909
86 144.95
87 144.769
88 143.847
89 143.602
90 141.37
91 141.37
92 139.365
93 139.129
94 138.475
95 138.206
96 136.976
97 136.74
98 136.74
99 135.801
100 135.419
101 135.092
102 134.121
103 134.121
104 132.497
105 131.552
106 131.51
107 129.354
108 129.354
109 128.097
110 127.253
111 127.11
112 126.068
113 125.374
114 124.877
115 124.877
116 124.634
117 124.634
118 124.634
119 123.81
120 123.81
121 122.873
122 122.489
123 122.489
124 122.094
125 122.094
126 121.714
127 120.519
128 120.217
129 120.047
130 119.88
131 118.989
132 118.989
133 118.704
134 117.183
135 117.183
136 117.183
137 117.126
138 117.126
139 116.432
140 116.432
141 116.432
142 116.432
143 114.88
144 114.858
145 114.858
146 112.612
147 112.612
148 111.258
149 111.258
150 110.686
151 109.937
152 109.25
153 109.156
154 108.824
155 108.824
156 108.729
157 108.6
158 108.6
159 108.125
160 108.125
161 107.394
162 107.394
163 107.394
164 107.134
165 106.898
166 106.898
167 106.617
168 106.357
169 105.758
170 105.758
171 105.758
172 105.6
173 103.816
174 103.659
175 103.659
176 103.659
177 103.659
178 103.585
179 103.254
180 102.576
181 102.418
182 101.94
183 101.884
184 101.135
185 101.079
186 101.079
187 100.674
188 100.674
189 100.674
190 100.548
191 99.4083
192 99.4083
193 98.8293
194 98.8293
195 98.7332
196 98.2981
197 98.2981
198 98.2019
199 98.2019
200 98.2019
201 97.9053
202 97.466
203 97.466
204 97.466
205 97.2012
206 97.2012
207 97.0762
208 96.4508
209 96.4508
210 96.3593
211 95.8106
212 95.7191
213 94.9877
214 94.8767
215 94.8767
216 94.8767
217 94.8767
218 94.6731
219 94.0474
220 93.8438
221 93.8438
222 93.6467
223 93.2371
224 93.1311
225 92.7215
226 92.209
227 92.209
228 92.209
229 92.209
230 92.0567
231 92.0567
232 92.0567
233 91.4632
234 91.4632
235 91.4632
236 91.4632
237 91.4632
238 91.4632
239 91.4632
240 91.4632
241 91.4632
242 91.2977
243 91.2977
244 91.2977
245 91.2977
246 91.2977
247 91.2977
248 91.2977
249 90.7621
250 90.7621
251 90.7621
252 90.7621
253 90.7621
254 90.7621
255 90.3918
256 89.8563
257 89.8563
258 89.8563
259 89.8563
260 88.566
261 88.566
262 88.566
263 88.566
264 87.932
265 87.932
266 87.932
267 87.8527
268 87.8527
269 87.253
270 87.1737
271 87.1737
272 87.1737
273 87.1737
274 86.7041
275 86.7041
276 86.4093
277 86.4093
278 86.4093
279 86.2057
280 85.9034
281 85.6998
282 85.6998
283 85.6998
284 84.6362
285 84.6362
286 84.6362
287 84.6362
288 84.6362
289 84.6362
290 84.6362
291 84.6362
292 84.6362
293 84.6362
294 84.6362
295 84.3947
296 84.3947
297 83.8493
298 83.8493
299 83.7733
300 83.7733
301 83.7733
302 83.7733
303 83.7733
304 83.7733
305 83.7733
306 83.119
307 83.119
308 82.6377
309 82.6377
310 82.6377
311 82.6377
312 82.6377
313 82.6377
314 82.2047
315 82.2047
316 82.2047
317 82.1583
318 81.8793
319 81.8793
320 81.8793
321 81.557
322 81.557
323 81.278
324 81.278
325 81.2181
326 81.2181
327 81.063
328 81.063
329 81.063
330 81.063
331 81.063
332 81.0601
333 81.0274
334 81.0274
335 80.9233
336 80.9233
337 80.3967
338 80.3967
339 80.3967
340 80.3967
341 80.3967
342 80.3272
343 80.2687
344 80.2687
345 80.1993
346 80.1993
347 79.8025
348 78.9435
349 78.9435
350 78.4928
351 78.4928
352 78.4928
353 78.4928
354 78.4928
355 78.4928
356 78.4928
357 78.4928
358 78.1736
359 78.1736
360 78.1736
361 78.1736
362 78.1736
363 78.1736
364 78.1736
365 78.1736
366 78.1736
367 78.1736
368 78.1042
369 78.1042
370 77.2472
371 77.1777
372 77.1777
373 77.1777
374 77.1777
375 77.1777
376 77.1777
377 77.1777
378 77.1777
379 76.7206
380 76.7206
381 76.7206
382 76.7206
383 76.7206
384 76.7206
385 76.7206
386 76.1446
387 76.1446
388 76.1446
389 76.1446
390 76.1446
391 76.1446
392 75.3252
393 75.3252
394 75.2586
395 75.2586
396 75.2586
397 75.0175
398 75.0175
399 74.9508
400 74.9508
401 74.9508
402 74.9508
403 74.9508
404 74.9508
405 74.9508
406 74.9508
407 74.9508
408 74.9508
409 74.4093
410 74.4093
411 74.4093
412 74.4093
413 74.4093
414 74.4093
415 74.3945
416 74.2874
417 74.2874
418 74.2725
419 74.2725
420 74.2725
421 74.2725
422 74.2725
423 74.2725
424 74.2725
425 74.2725
426 74.2725
427 74.2725
428 74.2725
429 74.2725
430 74.2725
431 74.2725
432 74.2725
433 74.2725
434 74.2725
435 74.2725
436 74.2725
437 74.2725
438 74.2725
439 74.2725
440 74.1153
441 74.1153
442 74.1153
443 74.1153
444 74.1153
445 74.1153
446 74.1153
447 74.1153
448 74.1153
449 74.1153
450 74.1153
451 74.1153
452 74.1153
453 74.1153
454 74.1153
455 74.1153
456 74.1153
457 74.1153
458 74.1153
459 74.1153
460 74.1153
461 74.1153
462 74.1153
463 74.1153
464 74.1153
465 74.1153
466 74.1153
467 74.1153
468 74.1153
469 74.1153
470 74.1153
471 74.1153
472 74.1153
473 74.1153
474 74.1153
475 74.1153
476 74.1153
477 74.1153
478 74.1153
479 74.1153
480 74.1153
481 74.1153
482 74.1153
483 74.1153
484 74.1153
485 73.9269
486 73.9269
487 73.9269
488 73.3895
489 73.3895
490 73.3895
491 73.389
492 73.389
493 73.1087
494 73.1087
495 73.1087
496 73.1087
497 73.1087
498 73.1087
499 73.1087
500 73.1087
501 73.0632
502 73.0632
503 73.0632
504 73.0632
505 73.0632
506 73.0632
507 73.0632
508 73.0632
509 73.0632
510 73.0632
511 73.0632
512 73.0632
513 73.0632
514 73.0632
515 73.0632
516 73.0632
517 73.0632
518 73.0632
519 73.0632
520 72.9166
521 72.9166
522 72.9166
523 72.9166
524 72.9166
525 72.9166
526 72.9166
527 72.8592
528 72.8592
529 72.8592
530 72.8592
531 72.8592
532 72.8592
533 72.8592
534 72.8592
535 72.8592
536 72.8592
537 72.8592
538 72.8592
539 72.8592
540 72.8592
541 72.8592
542 72.8592
543 72.8592
544 72.8592
545 72.8592
546 72.8592
547 72.8592
548 72.8592
549 72.8592
550 72.8592
551 72.8592
552 72.8592
553 72.8592
554 72.8592
555 72.8592
556 72.8592
557 72.8592
558 72.8592
559 72.8592
560 72.8592
561 72.8592
562 72.8592
563 72.8592
564 72.8592
565 72.8592
566 72.8592
567 72.8592
568 72.8592
569 72.8592
570 72.8592
571 72.8592
572 72.8592
573 72.8592
574 72.8592
575 72.8592
576 72.8592
577 72.8592
578 72.8592
579 72.8592
580 72.8592
581 72.8592
582 72.8592
583 72.8592
584 72.8592
585 72.8592
586 72.8592
587 72.8592
588 72.8592
589 72.8592
590 72.8592
591 72.8592
592 72.8592
593 72.8592
594 72.8592
595 72.8592
596 72.8592
597 72.8592
598 72.8592
599 72.8592
600 72.8592
601 67.1831
602 67.1831
603 67.1831
604 67.1831
605 67.1831
606 67.1831
607 67.1831
608 67.1831
609 67.1831
610 67.1831
611 67.1831
612 67.1831
613 67.1831
614 67.1831
615 67.1831
616 67.1831
617 67.1831
618 67.1831
619 67.1831
620 67.1831
621 67.1831
622 67.1831
623 67.1831
624 67.1831
625 67.1831
626 67.1831
627 67.1831
628 67.1831
629 67.1831
630 67.1831
631 67.1831
632 67.1831
633 67.1831
634 67.1831
635 67.1831
636 67.1831
637 67.1831
638 67.1831
639 67.1831
640 67.1831
641 67.1831
642 67.1831
643 67.1831
644 67.1831
645 67.1831
646 67.1831
647 67.1831
648 67.1831
649 67.1831
650 67.1831
651 67.1831
652 67.1831
653 67.1831
654 67.1831
655 67.1831
656 67.1831
657 67.1831
658 67.1831
659 67.1831
660 67.1831
661 67.1831
662 67.1831
663 67.1831
664 67.1831
665 67.1831
666 67.1831
667 67.1831
668 67.1831
669 67.1831
670 67.1831
671 67.1831
672 67.1831
673 67.1831
674 67.1831
675 67.1831
676 67.1831
677 67.1831
678 67.1831
679 67.1831
680 67.1831
681 67.1831
682 67.1831
683 67.1831
684 67.1831
685 67.1831
686 67.1831
687 67.1831
688 67.1831
689 67.1831
690 67.1831
691 67.1831
692 67.1831
693 67.1831
694 67.1831
695 67.1831
696 67.1831
697 67.1831
698 67.1831
699 67.1831
700 67.1831
701 67.1831
702 67.1831
703 67.1831
704 67.1831
705 67.1831
706 67.1831
707 67.1831
708 67.1831
709 67.1831
710 67.1831
711 67.1831
712 67.1831
713 67.1831
714 67.1831
715 67.1831
716 67.1831
717 67.1831
718 67.1831
719 67.1831
720 67.1831
721 67.1831
722 67.1831
723 67.1831
724 67.1831
725 67.1831
726 67.1831
727 67.1831
728 67.1831
729 67.1831
730 67.1831
731 67.1831
732 67.1831
733 67.1831
734 67.1831
735 67.1831
736 67.1831
737 67.1831
738 67.1831
739 67.1831
740 67.1831
741 67.1831
742 67.1831
743 67.1831
744 67.1831
745 67.1831
746 67.1831
747 67.1831
748 67.1831
749 67.1831
750 67.1831
751 67.1831
752 67.1831
753 67.1831
754 67.1831
755 67.1831
756 67.1831
757 67.1831
758 67.1831
759 67.1831
760 67.1831
761 67.1831
762 67.1831
763 67.1831
764 67.1831
765 67.1831
766 67.1831
767 67.1831
768 67.1831
769 67.1831
770 67.1831
771 67.1831
772 67.1831
773 67.1831
774 67.1831
775 67.1831
776 67.1831
777 67.1831
778 67.1831
779 67.1831
780 67.1831
781 67.1831
782 67.1831
783 67.1831
784 67.1831
785 67.1831
786 67.1831
787 67.1831
788 67.1831
789 67.1831
790 67.1831
791 67.1831
792 67.1831
793 67.1831
794 67.1831
795 67.1831
796 67.1831
797 67.1831
798 67.1831
799 67.1831
800 67.1831
801 67.1831
802 67.1831
803 67.1831
804 67.1831
805 67.1831
806 67.1831
807 67.1831
808 67.1831
809 67.1831
810 67.1831
811 67.1831
812 67.1831
813 67.1831
814 67.1831
815 67.1831
816 67.1831
817 67.1831
818 67.1831
819 67.1831
820 67.1831
821 67.1831
822 67.1831
823 67.1831
824 67.1831
825 67.1831
826 67.1831
827 67.1831
828 67.1831
829 67.1831
830 67.1831
831 67.1831
832 67.1831
833 67.1831
834 67.1831
835 67.1831
836 67.1831
837 67.1831
838 67.1831
839 67.1831
840 67.1831
841 67.1831
842 67.1831
843 67.1831
844 67.1831
845 67.1831
846 67.1831
847 67.1831
848 67.1831
849 67.1831
850 67.1831
851 67.1831
852 67.1831
853 67.1831
854 67.1831
855 67.1831
856 67.1831
857 67.1831
858 67.1831
859 67.1831
860 67.1831
861 67.1831
862 67.1831
863 67.1831
864 67.1831
865 67.1831
866 67.1831
867 67.1831
868 67.1831
869 67.1831
870 67.1831
871 67.1831
872 67.1831
873 67.1831
874 67.1831
875 67.1831
876 67.1831
877 67.1831
878 67.1831
879 67.1831
880 67.1831
881 67.1831
882 67.1831
883 67.1831
884 67.1831
885 67.1831
886 67.1831
887 67.1831
888 67.1831
889 67.1831
890 67.1831
891 67.1831
892 67.1831
893 67.1831
894 67.1831
895 67.1831
896 67.1831
897 67.1831
898 67.1831
899 67.1831
900 67.1831
901 67.1831
902 67.1831
903 67.1831
904 67.1831
905 67.1831
906 67.1831
907 67.1831
908 67.1831
909 67.1831
910 67.1831
911 67.1831
912 67.1831
913 67.1831
914 67.1831
915 67.1831
916 67.1831
917 67.1831
918 67.1831
919 67.1831
920 67.1831
921 67.1831
922 67.1831
923 67.1831
924 67.1831
925 67.1831
926 67.1831
927 67.1831
928 67.1831
929 67.1831
930 67.1831
931 67.1831
932 67.1831
933 67.1831
934 67.1831
935 67.1831
936 67.1831
937 67.1831
938 67.1831
939 67.1831
940 67.1831
941 67.1831
942 67.1831
943 67.1831
944 67.1831
945 67.1831
946 67.1831
947 67.1831
948 67.1831
949 67.1831
950 67.1831
951 67.1831
952 67.1831
953 67.1831
954 67.1831
955 67.1831
956 67.1831
957 67.1831
958 67.1831
959 67.1831
960 67.1831
961 67.1831
962 67.1831
963 67.1831
964 67.1831
965 67.1831
966 67.1831
967 67.1831
968 67.1831
969 67.1831
970 67.1831
971 67.1831
972 67.1831
973 67.1831
974 67.1831
975 67.1831
976 67.1831
977 67.1831
978 67.1831
979 67.1831
980 67.1831
981 67.1831
982 67.1831
983 67.1831
984 67.1831
985 67.1831
986 67.1831
987 67.1831
988 67.1831
989 67.1831
990 67.1831
991 67.1831
992 67.1831
993 67.1831
994 67.1831
995 67.1831
996 67.1831
997 67.1831
998 67.1831
999 67.1831
1000 67.1831
1001 67.1831
1002 67.1831
1003 67.1831
1004 67.1831
1005 67.1831
1006 67.1831
1007 67.1831
1008 67.1831
1009 67.1831
1010 67.1831
1011 67.1831
1012 67.1831
1013 67.1831
1014 67.1831
1015 67.1831
1016 67.1831
1017 67.1831
1018 67.1831
1019 67.1831
1020 67.1831
1021 67.1831
1022 67.1831
1023 67.1831
1024 67.1831
1025 67.1831
1026 67.1831
1027 67.1831
1028 67.1831
1029 67.1831
1030 67.1831
1031 67.1831
1032 67.1831
1033 67.1831
1034 67.1831
1035 67.1831
1036 67.1831
1037 67.1831
1038 67.1831
1039 67.1831
1040 67.1831
1041 67.1831
1042 67.1831
1043 67.1831
1044 67.1831
1045 67.1831
1046 67.1831
1047 67.1831
1048 67.1831
1049 67.1831
1050 67.1831
1051 65.7206
1052 65.7206
1053 65.7206
1054 65.7206
1055 65.7206
1056 65.7206
1057 65.7206
1058 65.7206
1059 65.7206
1060 65.7206
1061 65.7206
1062 65.7206
1063 65.7206
1064 65.7206
1065 65.7206
1066 65.7206
1067 65.7206
1068 65.7206
1069 65.7206
1070 65.7206
1071 65.7206
1072 65.7206
1073 65.7206
1074 65.7206
1075 65.7206
1076 65.7206
1077 65.7206
1078 65.7206
1079 65.7206
1080 65.7206
1081 65.7206
1082 65.7206
1083 65.7206
1084 65.7206
1085 65.7206
1086 65.7206
1087 65.7206
1088 65.7206
1089 65.7206
1090 65.7206
1091 65.7206
1092 65.7206
1093 65.7206
1094 65.7206
1095 65.7206
1096 65.7206
1097 65.7206
1098 65.7206
1099 65.7206
1100 65.7206
1101 65.7206
1102 65.7206
1103 65.7206
1104 65.7206
1105 65.7206
1106 65.7206
1107 65.7206
1108 65.7206
1109 65.7206
1110 65.7206
1111 65.7206
1112 65.7206
1113 65.7206
1114 65.7206
1115 65.7206
1116 65.7206
1117 65.7206
1118 65.7206
1119 65.7206
1120 65.7206
1121 65.7206
1122 65.7206
1123 65.7206
1124 65.7206
1125 65.7206
1126 65.7206
1127 65.7206
1128 65.7206
1129 65.7206
1130 65.7206
1131 65.7206
1132 65.7206
1133 65.7206
1134 65.7206
1135 65.7206
1136 65.7206
1137 65.7206
1138 65.7206
1139 65.7206
1140 65.7206
1141 65.7206
1142 65.7206
1143 65.7206
1144 65.7206
1145 65.7206
1146 65.7206
1147 65.7206
1148 65.7206
1149 65.7206
1150 65.7206
1151 65.7206
1152 65.7206
1153 65.7206
1154 65.7206
1155 65.7206
1156 65.7206
1157 65.7206
1158 65.7206
1159 65.7206
1160 65.7206
1161 65.7206
1162 65.7206
1163 65.7206
1164 65.7206
1165 65.7206
1166 65.7206
1167 65.7206
1168 65.7206
1169 65.7206
1170 65.7206
1171 65.7206
1172 65.7206
1173 65.7206
1174 65.7206
1175 65.7206
1176 65.7206
1177 65.7206
1178 65.7206
1179 65.7206
1180 65.7206
1181 65.7206
1182 65.7206
1183 65.7206
1184 65.7206
1185 65.7206
1186 65.7206
1187 65.7206
1188 65.7206
1189 65.7206
1190 65.7206
1191 65.7206
1192 65.7206
1193 65.7206
1194 65.7206
1195 65.7206
1196 65.7206
1197 65.7206
1198 65.7206
1199 65.7206
1200 65.7206
1201 65.7206
1202 65.7206
1203 65.7206
1204 65.7206
1205 65.7206
1206 65.7206
1207 65.7206
1208 65.7206
1209 65.7206
1210 65.7206
1211 65.7206
1212 65.7206
1213 65.7206
1214 65.7206
1215 65.7206
1216 65.7206
1217 65.7206
1218 65.7206
1219 65.7206
1220 65.7206
1221 65.7206
1222 65.7206
1223 65.7206
1224 65.7206
1225 65.7206
1226 65.7206
1227 65.7206
1228 65.7206
1229 65.7206
1230 65.7206
1231 65.7206
1232 65.7206
1233 65.7206
1234 65.7206
1235 65.7206
1236 65.7206
1237 65.7206
1238 65.7206
1239 65.7206
1240 65.7206
1241 65.7206
1242 65.7206
1243 65.7206
1244 65.7206
1245 65.7206
1246 65.7206
1247 65.7206
1248 65.7206
1249 65.7206
1250 65.7206
1251 65.7206
1252 65.7206
1253 65.7206
1254 65.7206
1255 65.7206
1256 65.7206
1257 65.7206
1258 65.7206
1259 65.7206
1260 65.7206
1261 65.7206
1262 65.7206
1263 65.7206
1264 65.7206
1265 65.7206
1266 65.7206
1267 65.7206
1268 65.7206
1269 65.7206
1270 65.7206
1271 65.7206
1272 65.7206
1273 65.7206
1274 65.7206
1275 65.7206
1276 65.7206
1277 65.7206
1278 65.7206
1279 65.7206
1280 65.7206
1281 65.7206
1282 65.7206
1283 65.7206
1284 65.7206
1285 65.7206
1286 65.7206
1287 65.7206
1288 65.7206
1289 65.7206
1290 65.7206
1291 65.7206
1292 65.7206
1293 65.7206
1294 65.7206
1295 65.7206
1296 65.7206
1297 65.7206
1298 65.7206
1299 65.7206
1300 65.7206
1301 65.7206
1302 65.7206
1303 65.7206
1304 65.7206
1305 65.7206
1306 65.7206
1307 65.7206
1308 65.7206
1309 65.7206
1310 65.7206
1311 65.7206
1312 65.7206
1313 65.7206
1314 65.7206
1315 65.7206
1316 65.7206
1317 65.7206
1318 65.7206
1319 65.7206
1320 65.7206
1321 65.7206
1322 65.7206
1323 65.7206
1324 65.7206
1325 65.7206
1326 65.7206
1327 65.7206
1328 65.7206
1329 65.7206
1330 65.7206
1331 65.7206
1332 65.7206
1333 65.7206
1334 65.7206
1335 65.7206
1336 65.7206
1337 65.7206
1338 65.7206
1339 65.7206
1340 65.7206
1341 65.7206
1342 65.7206
1343 65.7206
1344 65.7206
1345 65.7206
1346 65.7206
1347 65.7206
1348 65.7206
1349 65.7206
1350 65.7206
1351 65.7206
1352 65.7206
1353 65.7206
1354 65.7206
1355 65.7206
1356 65.7206
1357 65.7206
1358 65.7206
1359 65.7206
1360 65.7206
1361 65.7206
1362 65.7206
1363 65.7206
1364 65.7206
1365 65.7206
1366 65.7206
1367 65.7206
1368 65.7206
1369 65.7206
1370 65.7206
1371 65.7206
1372 65.7206
1373 65.7206
1374 65.7206
1375 65.7206
1376 65.7206
1377 65.7206
1378 65.7206
1379 65.7206
1380 65.7206
1381 65.7206
1382 65.7206
1383 65.7206
1384 65.7206
1385 65.7206
1386 65.7206
1387 65.7206
1388 65.7206
1389 65.7206
1390 65.7206
1391 65.7206
1392 65.7206
1393 65.7206
1394 65.7206
1395 65.7206
1396 65.7206
1397 65.7206
1398 65.7206
1399 65.7206
1400 65.7206
1401 65.7206
1402 65.7206
1403 65.7206
1404 65.7206
1405 65.7206
1406 65.7206
1407 65.7206
1408 65.7206
1409 65.7206
1410 65.7206
1411 65.7206
1412 65.7206
1413 65.7206
1414 65.7206
1415 65.7206
1416 65.7206
1417 65.7206
1418 65.7206
1419 65.7206
1420 65.7206
1421 65.7206
1422 65.7206
1423 65.7206
1424 65.7206
1425 65.7206
1426 65.7206
1427 65.7206
1428 65.7206
1429 65.7206
1430 65.7206
1431 65.7206
1432 65.7206
1433 65.7206
1434 65.7206
1435 65.7206
1436 65.7206
1437 65.7206
1438 65.7206
1439 65.7206
1440 65.7206
1441 65.7206
1442 65.7206
1443 65.7206
1444 65.7206
1445 65.7206
1446 65.7206
1447 65.7206
1448 65.7206
1449 65.7206
1450 65.7206
1451 65.7206
1452 65.7206
1453 65.7206
1454 65.7206
1455 65.7206
1456 65.7206
1457 65.7206
1458 65.7206
1459 65.7206
1460 65.7206
1461 65.7206
1462 65.7206
1463 65.7206
1464 65.7206
1465 65.7206
1466 65.7206
1467 65.7206
1468 65.7206
1469 65.7206
1470 65.7206
1471 65.7206
1472 65.7206
1473 65.7206
1474 65.7206
1475 65.7206
1476 65.7206
1477 65.7206
1478 65.7206
1479 65.7206
1480 65.7206
1481 65.7206
1482 65.7206
1483 65.7206
1484 65.7206
1485 65.7206
1486 65.7206
1487 65.7206
1488 65.7206
1489 65.7206
1490 65.7206
1491 65.7206
1492 65.7206
1493 65.7206
1494 65.7206
1495 65.7206
1496 65.7206
1497 65.7206
1498 65.7206
1499 65.7206
1500 65.7206
1501 65.7206
1502 65.7206
1503 65.7206
1504 65.7206
1505 65.7206
1506 65.7206
1507 65.7206
1508 65.7206
1509 65.7206
1510 65.7206
1511 65.7206
1512 65.7206
1513 65.7206
1514 65.7206
1515 65.7206
1516 65.7206
1517 65.7206
1518 65.7206
1519 65.7206
1520 65.7206
1521 65.7206
1522 65.7206
1523 65.7206
1524 65.7206
1525 65.7206
1526 65.7206
1527 65.7206
1528 65.7206
1529 65.7206
1530 65.7206
1531 65.7206
1532 65.7206
1533 65.7206
1534 65.7206
1535 65.7206
1536 65.7206
1537 65.7206
1538 65.7206
1539 65.7206
1540 65.7206
1541 65.7206
1542 65.7206
1543 65.7206
1544 65.7206
1545 65.7206
1546 65.7206
1547 65.7206
1548 65.7206
1549 65.7206
1550 65.7206
1551 65.7206
1552 65.7206
1553 65.7206
1554 65.7206
1555 65.7206
1556 65.7206
1557 65.7206
1558 65.7206
1559 65.7206
1560 65.7206
1561 65.7206
1562 65.7206
1563 65.7206
1564 65.7206
1565 65.7206
1566 65.7206
1567 65.7206
1568 65.7206
1569 65.7206
1570 65.7206
1571 65.7206
1572 65.7206
1573 65.7206
1574 65.7206
1575 65.7206
1576 65.7206
1577 65.7206
1578 65.7206
1579 65.7206
1580 65.7206
1581 65.7206
1582 65.7206
1583 65.7206
1584 65.7206
1585 65.7206
1586 65.7206
1587 65.7206
1588 65.7206
1589 65.7206
1590 65.7206
1591 65.7206
1592 65.7206
1593 65.7206
1594 65.7206
1595 65.7206
1596 65.7206
1597 65.7206
1598 65.7206
1599 65.7206
1600 65.7206
1601 65.7206
1602 65.7206
1603 65.7206
1604 65.7206
1605 65.7206
1606 65.7206
1607 65.7206
1608 65.7206
1609 65.7206
1610 65.7206
1611 65.7206
1612 65.7206
1613 65.7206
1614 65.7206
1615 65.7206
1616 65.7206
1617 65.7206
1618 65.7206
1619 65.7206
1620 65.7206
1621 65.7206
1622 65.7206
1623 65.7206
1624 65.7206
1625 65.7206
1626 65.7206
1627 65.7206
1628 65.7206
1629 65.7206
1630 65.7206
1631 65.7206
1632 65.7206
1633 65.7206
1634 65.7206
1635 65.7206
1636 65.7206
1637 65.7206
1638 65.7206
1639 65.7206
1640 65.7206
1641 65.7206
1642 65.7206
1643 65.7206
1644 65.7206
1645 65.7206
1646 65.7206
1647 65.7206
1648 65.7206
1649 65.7206
1650 65.7206
1651 65.7206
1652 65.7206
1653 65.7206
1654 65.7206
1655 65.7206
1656 65.7206
1657 65.7206
1658 65.7206
1659 65.7206
1660 65.7206
1661 65.7206
1662 65.7206
1663 65.7206
1664 65.7206
1665 65.7206
1666 65.7206
1667 65.7206
1668 65.7206
1669 65.7206
1670 65.7206
1671 65.7206
1672 65.7206
1673 65.7206
1674 65.7206
1675 65.7206
1676 65.7206
1677 65.7206
1678 65.7206
1679 65.7206
1680 65.7206
1681 65.7206
1682 65.7206
1683 65.7206
1684 65.7206
1685 65.7206
1686 65.7206
1687 65.7206
1688 65.7206
1689 65.7206
1690 65.7206
1691 65.7206
1692 65.7206
1693 65.7206
1694 65.7206
1695 65.7206
1696 65.7206
1697 65.7206
1698 65.7206
1699 65.7206
1700 65.7206
1701 65.7206
1702 65.7206
1703 65.7206
1704 65.7206
1705 65.7206
1706 65.7206
1707 65.7206
1708 65.7206
1709 65.7206
1710 65.7206
1711 65.7206
1712 65.7206
1713 65.7206
1714 65.7206
1715 65.7206
1716 65.7206
1717 65.7206
1718 65.7206
1719 65.7206
1720 65.7206
1721 65.7206
1722 65.7206
1723 65.7206
1724 65.7206
1725 65.7206
1726 65.7206
1727 65.7206
1728 65.7206
1729 65.7206
1730 65.7206
1731 65.7206
1732 65.7206
1733 65.7206
1734 65.7206
1735 65.7206
1736 65.7206
1737 65.7206
1738 65.7206
1739 65.7206
1740 65.7206
1741 65.7206
1742 65.7206
1743 65.7206
1744 65.7206
1745 65.7206
1746 65.7206
1747 65.7206
1748 65.7206
1749 65.7206
1750 65.7206
1751 65.7206
1752 65.7206
1753 65.7206
1754 65.7206
1755 65.7206
1756 65.7206
1757 65.7206
1758 65.7206
1759 65.7206
1760 65.7206
1761 65.7206
1762 65.7206
1763 65.7206
1764 65.7206
1765 65.7206
1766 65.7206
1767 65.7206
1768 65.7206
1769 65.7206
1770 65.7206
1771 65.7206
1772 65.7206
1773 65.7206
1774 65.7206
1775 65.7206
1776 65.7206
1777 65.7206
1778 65.7206
1779 65.7206
1780 65.7206
1781 65.7206
1782 65.7206
1783 65.7206
1784 65.7206
1785 65.7206
1786 65.7206
1787 65.7206
1788 65.7206
1789 65.7206
1790 65.7206
1791 65.7206
1792 65.7206
1793 65.7206
1794 65.7206
1795 65.7206
1796 65.7206
1797 65.7206
1798 65.7206
1799 65.7206
1800 65.7206
1801 65.7206
1802 65.7206
1803 65.7206
1804 65.7206
1805 65.7206
1806 65.7206
1807 65.7206
1808 65.7206
1809 65.7206
1810 65.7206
1811 65.7206
1812 65.7206
1813 65.7206
1814 65.7206
1815 65.7206
1816 65.7206
1817 65.7206
1818 65.7206
1819 65.7206
1820 65.7206
1821 65.7206
1822 65.7206
1823 65.7206
1824 65.7206
1825 65.7206
1826 65.7206
1827 65.7206
1828 65.7206
1829 65.7206
1830 65.7206
1831 65.7206
1832 65.7206
1833 65.7206
1834 65.7206
1835 65.7206
1836 65.7206
1837 65.7206
1838 65.7206
1839 65.7206
1840 65.7206
1841 65.7206
1842 65.7206
1843 65.7206
1844 65.7206
1845 65.7206
1846 65.7206
1847 65.7206
1848 65.7206
1849 65.7206
1850 65.7206
1851 65.7206
1852 65.7206
1853 65.7206
1854 65.7206
1855 65.7206
1856 65.7206
1857 65.7206
1858 65.7206
1859 65.7206
1860 65.7206
1861 65.7206
1862 65.7206
1863 65.7206
1864 65.7206
1865 65.7206
1866 65.7206
1867 65.7206
1868 65.7206
1869 65.7206
1870 65.7206
1871 65.7206
1872 65.7206
1873 65.7206
1874 65.7206
1875 65.7206
1876 65.7206
1877 65.7206
1878 65.7206
1879 65.7206
1880 65.7206
1881 65.7206
1882 65.7206
1883 65.7206
1884 65.7206
1885 65.7206
1886 65.7206
1887 65.7206
1888 65.7206
1889 65.7206
1890 65.7206
1891 65.7206
1892 65.7206
1893 65.7206
1894 65.7206
1895 65.7206
1896 65.7206
1897 65.7206
1898 65.7206
1899 65.7206
1900 65.7206
1901 65.7206
1902 65.7206
1903 65.7206
1904 65.7206
1905 65.7206
1906 65.7206
1907 65.7206
1908 65.7206
1909 65.7206
1910 65.7206
1911 65.7206
1912 65.7206
1913 65.7206
1914 65.7206
1915 65.7206
1916 65.7206
1917 65.7206
1918 65.7206
1919 65.7206
1920 65.7206
1921 65.7206
1922 65.7206
1923 65.7206
1924 65.7206
1925 65.7206
1926 65.7206
1927 65.7206
1928 65.7206
1929 65.7206
1930 65.7206
1931 65.7206
1932 65.7206
1933 65.7206
1934 65.7206
1935 65.7206
1936 65.7206
1937 65.7206
1938 65.7206
1939 65.7206
1940 65.7206
1941 65.7206
1942 65.7206
1943 65.7206
1944 65.7206
1945 65.7206
1946 65.7206
1947 65.7206
1948 65.7206
1949 65.7206
1950 65.7206
1951 65.7206
1952 65.7206
1953 65.7206
1954 65.7206
1955 65.7206
1956 65.7206
1957 65.7206
1958 65.7206
1959 65.7206
1960 65.7206
1961 65.7206
1962 65.7206
1963 65.7206
1964 65.7206
1965 65.7206
1966 65.7206
1967 65.7206
1968 65.7206
1969 65.7206
1970 65.7206
1971 65.7206
1972 65.7206
1973 65.7206
1974 65.7206
1975 65.7206
1976 65.7206
1977 65.7206
1978 65.7206
1979 65.7206
1980 65.7206
1981 65.7206
1982 65.7206
1983 65.7206
1984 65.7206
1985 65.7206
1986 65.7206
1987 65.7206
1988 65.7206
1989 65.7206
1990 65.7206
1991 65.7206
1992 65.7206
1993 65.7206
1994 65.7206
1995 65.7206
1996 65.7206
1997 65.7206
1998 65.7206
1999 65.7206
