0 37.9903
1 36.1685
2 34.6537
3 33.2455
4 31.9399
5 31.4762
6 30.3255
7 29.5622
8 28.7045
9 27.9133
10 27.2256
11 26.4448
12 25.8962
13 25.1956
14 25.0273
15 24.7214
16 23.4969
17 22.3241
18 21.2047
19 20.6559
20 20.8271
21 20.3861
22 19.7474
23 19.0021
24 18.351
25 17.9942
26 17.9057
27 17.3378
28 16.7428
29 16.1998
30 16.2675
31 15.811
32 15.539
33 15.2961
34 14.9894
35 15.0398
36 14.9023
37 14.8953
38 14.8482
39 14.5879
40 14.7552
41 14.5696
42 14.4293
43 14.3515
44 14.4567
45 14.4166
46 14.6475
47 14.2593
48 14.1492
49 14.4721
50 14.7739
51 14.6468
52 14.5416
53 14.5549
54 14.3715
55 14.0377
56 13.7709
57 13.5534
58 13.9496
59 14.2253
60 14.1445
61 14.0756
62 13.6297
63 13.5147
64 13.1637
65 12.9977
66 12.576
67 12.7328
68 12.8102
69 12.4301
70 12.0579
71 12.0975
72 12.2775
73 12.5725
74 12.1129
75 12.3946
76 12.0016
77 11.9676
78 11.9788
79 12.2021
80 11.8705
81 11.9554
82 11.6753
83 11.5972
84 11.3008
85 11.3777
86 11.4427
87 11.9721
88 11.8202
89 11.4199
90 10.876
91 11.0439
92 10.9828
93 10.4224
94 10.7084
95 10.9471
96 11.3483
97 10.9611
98 11.2794
99 11.332
100 11.1615
101 11.0566
102 10.7018
103 10.5118
104 10.6644
105 10.4878
106 10.9484
107 11.3909
108 11.4418
109 11.6959
110 11.4792
111 11.3759
112 10.9794
113 10.5441
114 10.4908
115 10.3401
116 10.0755
117 10.3136
118 10.3713
119 10.7296
120 11.14
121 10.7236
122 10.9639
123 10.5842
124 9.73927
125 9.34091
126 8.95671
127 8.79735
128 9.02213
129 9.09486
130 8.5279
131 8.90242
132 8.91198
133 8.1521
134 8.21243
135 8.02819
136 8.15514
137 8.19408
138 7.86091
139 8.27012
140 8.15359
141 7.93065
142 8.06344
143 8.15626
144 8.01087
145 7.96658
146 7.91218
147 7.9327
148 7.90331
149 7.96019
150 7.7944
151 8.04428
152 8.01556
153 7.89777
154 7.83046
155 8.17424
156 7.93163
157 8.02205
158 8.29129
159 8.12521
160 8.36633
161 8.16223
162 8.29518
163 8.49667
164 8.52741
165 8.429
166 8.31234
167 8.44976
168 8.1446
169 7.91101
170 8.06355
171 7.99866
172 8.20213
173 8.3136
174 8.10544
175 8.00016
176 7.76682
177 7.80999
178 7.69101
179 7.84554
180 8.18384
181 7.91501
182 7.87814
183 8.06539
184 7.83712
185 7.68533
186 8.1238
187 8.25692
188 8.36812
189 8.35985
190 8.15206
191 8.26102
192 8.00448
193 7.91222
194 8.14786
195 8.6101
196 8.98869
197 9.3638
198 9.69759
199 9.03064
200 8.50129
201 8.42502
202 8.83412
203 8.77098
204 8.5956
205 8.65502
206 8.1967
207 8.33918
208 8.31432
209 7.59095
210 7.79718
211 7.56303
212 7.63016
213 7.42619
214 7.2802
215 7.2987
216 7.49884
217 7.28105
218 7.3173
219 7.61848
220 7.42988
221 7.35311
222 7.40282
223 7.51678
224 7.47806
225 7.98542
226 7.93029
227 8.01061
228 7.98817
229 7.95083
230 7.8522
231 7.58126
232 7.66817
233 7.44998
234 7.12347
235 7.72873
236 7.80766
237 7.68225
238 7.35603
239 7.47702
240 7.51229
241 7.61704
242 7.68509
243 7.59438
244 7.32867
245 7.879
246 7.3815
247 7.80338
248 8.10101
249 8.05067
250 8.1781
251 7.54957
252 7.45859
253 7.8215
254 7.58162
255 7.8291
256 8.18466
257 8.38203
258 8.63679
259 8.56778
260 7.73885
261 7.67399
262 8.089
263 8.03152
264 8.07595
265 7.74028
266 7.57983
267 7.64687
268 7.49172
269 7.55758
270 7.58036
271 7.7342
272 7.69737
273 7.54475
274 7.21953
275 7.42031
276 7.43258
277 7.46578
278 7.69082
279 7.39891
280 7.15287
281 7.2517
282 7.25051
283 7.89777
284 7.27986
285 7.68618
286 7.76
287 8.00785
288 8.10626
289 8.00335
290 7.6853
291 8.13909
292 7.75653
293 7.66224
294 7.37486
295 6.96266
296 7.28592
297 7.05365
298 6.95338
299 6.87254
300 6.83689
301 6.87463
302 6.45696
303 6.63016
304 6.72703
305 7.05502
306 6.49134
307 6.61299
308 6.851
309 6.63531
310 6.67745
311 7.32983
312 7.20249
313 7.10177
314 7.06392
315 6.62033
316 6.88491
317 7.17343
318 7.39429
319 7.26301
320 7.13476
321 6.79371
322 6.71238
323 6.95742
324 6.82735
325 6.65693
326 6.96435
327 6.93047
328 7.00431
329 7.08987
330 6.53587
331 7.04077
332 7.54707
333 7.59132
334 7.46989
335 6.98604
336 6.59615
337 6.98612
338 7.60069
339 7.28683
340 6.91641
341 7.07293
342 7.09158
343 7.0261
344 7.35093
345 7.03098
346 6.70275
347 6.64192
348 6.47919
349 6.97077
350 6.93632
351 6.45521
352 6.54947
353 6.4334
354 6.55449
355 6.77974
356 7.02548
357 7.31779
358 7.38131
359 7.5396
360 7.39685
361 7.94811
362 7.6512
363 7.26489
364 6.62592
365 6.88421
366 6.46504
367 6.65326
368 6.85818
369 6.94764
370 6.95422
371 7.05751
372 6.8334
373 6.76516
374 6.97554
375 6.88194
376 7.06287
377 6.57229
378 6.54588
379 6.46457
380 6.59761
381 6.66236
382 6.71471
383 6.75861
384 7.0611
385 7.24271
386 7.63834
387 7.44802
388 7.28537
389 7.09856
390 6.96378
391 6.66744
392 6.57581
393 7.23262
394 7.00057
395 6.85189
396 7.3268
397 7.54102
398 7.28756
399 7.52517
400 7.16435
401 7.14701
402 6.85545
403 7.32312
404 6.71171
405 6.72531
406 7.28121
407 7.55286
408 7.48666
409 7.31691
410 7.01515
411 6.89028
412 6.89886
413 7.24576
414 7.35707
415 7.34257
416 7.42355
417 7.02563
418 6.77349
419 6.76303
420 6.95018
421 6.58016
422 6.7323
423 6.94462
424 6.89585
425 6.62391
426 6.53958
427 6.72609
428 6.51046
429 6.66692
430 7.28141
431 7.29493
432 7.11992
433 6.85062
434 7.21707
435 7.15101
436 7.17983
437 6.9917
438 6.78839
439 7.0154
440 6.94884
441 6.55083
442 6.89207
443 6.66968
444 6.63862
445 6.72855
446 6.61124
447 6.86395
448 6.78777
449 6.62443
450 6.70772
451 6.59684
452 6.57217
453 6.92685
454 7.08096
455 7.17451
456 7.50193
457 7.09227
458 7.16202
459 6.97798
460 6.92043
461 7.25851
462 7.09253
463 6.66057
464 6.72923
465 6.92428
466 6.48913
467 6.53508
468 6.66105
469 6.49407
470 7.05789
471 7.29371
472 6.93099
473 7.26298
474 7.07704
475 7.21402
476 7.61306
477 7.24742
478 7.04877
479 7.2113
480 6.94634
481 7.19199
482 7.03381
483 6.87739
484 6.88074
485 6.67021
486 7.00771
487 6.87533
488 6.64635
489 6.7269
490 6.89185
491 6.68179
492 7.05233
493 7.28001
494 7.07967
495 6.89781
496 7.44696
497 7.20202
498 6.986
499 6.864
500 6.89888
501 7.0953
502 6.82111
503 6.73967
504 6.7568
505 6.94098
506 7.11423
507 7.22525
508 6.64463
509 7.23304
510 7.05928
511 7.11374
512 6.89414
513 6.55297
514 6.83956
515 6.46258
516 6.91587
517 7.12465
518 6.91786
519 7.11157
520 6.98723
521 6.6951
522 6.89932
523 6.54369
524 6.87291
525 7.24527
526 7.43094
527 7.44931
528 7.12784
529 6.81307
530 7.14081
531 7.31536
532 6.58502
533 6.87042
534 6.91338
535 7.57196
536 7.38322
537 7.23369
538 7.15
539 6.94572
540 7.15626
541 6.98423
542 6.86337
543 6.73585
544 6.52836
545 6.7999
546 6.84199
547 7.05917
548 6.93772
549 6.76109
550 6.48901
551 6.44613
552 6.72372
553 6.73916
554 7.21168
555 6.82548
556 6.89696
557 6.91158
558 6.92154
559 6.8151
560 7.13068
561 7.20234
562 7.23674
563 7.38564
564 7.19884
565 7.22875
566 7.66179
567 7.85574
568 7.15279
569 7.20605
570 7.33318
571 7.13486
572 6.97107
573 6.7936
574 7.06238
575 7.47409
576 7.27789
577 7.14176
578 6.9031
579 7.10121
580 6.94564
581 6.70099
582 6.63159
583 7.27138
584 6.78426
585 6.61281
586 6.83084
587 6.7583
588 6.63599
589 6.66266
590 7.02244
591 7.17119
592 6.813
593 7.10914
594 7.3914
595 7.49127
596 7.35193
597 6.91093
598 6.74951
599 6.98826
