0 426.634
1 418.053
2 404.686
3 396.149
4 375.621
5 374.502
6 360.397
7 353.267
8 348.261
9 339.914
10 337.859
11 335.056
12 330.86
13 327.685
14 321.464
15 315.511
16 313.403
17 309.442
18 305.847
19 303.589
20 297.816
21 293.32
22 290.112
23 283.305
24 280.944
25 278.676
26 274.161
27 273.302
28 268.361
29 265.832
30 264.889
31 259.31
32 257.638
33 252.157
34 249.512
35 244.348
36 242.259
37 240.867
38 239.58
39 237.961
40 236.832
41 235.534
42 230.668
43 229.095
44 226.827
45 224.631
46 222.051
47 221.159
48 219.169
49 216.655
50 214.012
51 214.012
52 213.394
53 212.75
54 211.011
55 208.865
56 205.79
57 205.167
58 202.123
59 200.053
60 200.053
61 193.541
62 192.918
63 192.547
64 192.164
65 191.263
66 189.792
67 187.489
68 186.866
69 184.933
70 182.446
71 179.395
72 178.287
73 175.586
74 174.431
75 174.431
76 174.21
77 172.859
78 172.859
79 172.347
80 171.653
81 170.679
82 170.679
83 170.659
84 168.994
85 168.713
86 167.067
87 161.092
88 160.663
89 160.663
90 158.324
91 158.324
92 158.324
93 157.449
94 155.65
95 154.811
96 151.749
97 151.368
98 149.995
99 149.995
100 149.832
101 148.459
102 146.675
103 144.994
104 143.458
105 143.234
106 142.536
107 142.356
108 142.099
109 140.274
110 139.632
111 138.869
112 138.814
113 137.73
114 137.512
115 134.871
116 134.871
117 134.871
118 134.531
119 133.752
120 132.571
121 132.571
122 132.337
123 132.008
124 131.428
125 130.852
126 130.836
127 129.776
128 128.968
129 127.758
130 126.659
131 125.47
132 125.47
133 125.47
134 125.26
135 124.271
136 124.271
137 124.124
138 122.976
139 122.976
140 122.959
141 121.802
142 120.187
143 119.798
144 119.798
145 118.601
146 118.601
147 118.183
148 118.183
149 117.855
150 117.437
151 117.437
152 116.042
153 116.042
154 116.042
155 115.355
156 114.533
157 113.845
158 113.845
159 113.576
160 112.066
161 112.066
162 110.895
163 110.207
164 109.992
165 108.057
166 108.057
167 108.057
168 108.057
169 107.435
170 106.924
171 106.807
172 106.773
173 106.773
174 105.901
175 105.901
176 105.445
177 105.445
178 104.73
179 104.274
180 104.274
181 103.907
182 103.452
183 103.452
184 103.2
185 103.032
186 102.665
187 102.546
188 102.546
189 102.546
190 101.713
191 101.713
192 101.713
193 101.376
194 101.262
195 100.925
196 100.925
197 100.782
198 100.686
199 100.206
200 100.206
201 99.8686
202 98.427
203 98.427
204 98.427
205 97.7364
206 97.7364
207 97.6999
208 97.3135
209 96.8486
210 96.8121
211 96.4256
212 96.2478
213 95.5953
214 95.5953
215 94.4172
216 94.4172
217 94.4172
218 94.4172
219 94.2532
220 94.2532
221 94.0389
222 93.435
223 93.435
224 93.2564
225 92.6684
226 92.6684
227 92.6684
228 92.6684
229 92.1
230 92.1
231 92.0275
232 91.7228
233 91.1022
234 90.5337
235 89.6606
236 89.6606
237 89.5881
238 89.5771
239 89.5771
240 89.2979
241 89.2979
242 89.2254
243 89.163
244 89.163
245 88.7036
246 88.5047
247 88.5047
248 88.28
249 88.28
250 87.8644
251 87.8644
252 87.5451
253 87.182
254 86.7664
255 86.7664
256 86.7664
257 86.7664
258 86.1886
259 86.1886
260 86.1886
261 86.1886
262 85.7185
263 85.7185
264 85.7185
265 85.2906
266 85.2906
267 85.2906
268 84.9721
269 84.9721
270 84.9721
271 84.8225
272 84.8225
273 84.7806
274 84.7716
275 84.7716
276 84.7716
277 84.1673
278 84.1673
279 83.495
280 83.4531
281 83.4531
282 83.4531
283 83.4531
284 83.4531
285 83.0377
286 82.9957
287 82.9957
288 82.9957
289 82.9957
290 82.8146
291 82.8146
292 82.1594
293 82.1594
294 81.9783
295 81.9783
296 81.3724
297 81.2755
298 81.2755
299 81.2755
300 81.2755
301 81.2755
302 81.2755
303 81.2755
304 81.2755
305 81.2755
306 81.0751
307 81.0751
308 81.0751
309 81.0751
310 81.0751
311 81.0751
312 81.0751
313 81.0751
314 80.4286
315 80.4286
316 80.1088
317 80.1088
318 80.0464
319 80.0464
320 79.987
321 78.9813
322 78.9813
323 78.9813
324 78.8857
325 78.8857
326 77.2024
327 77.1068
328 77.1068
329 77.0625
330 77.0625
331 76.4926
332 76.4926
333 76.182
334 76.182
335 75.9087
336 75.5981
337 75.4246
338 75.4246
339 75.3926
340 75.3926
341 75.3926
342 75.3926
343 74.8135
344 74.8135
345 74.8135
346 74.8135
347 74.8135
348 74.4857
349 74.4857
350 74.4857
351 74.4857
352 74.4857
353 74.4857
354 74.3664
355 74.0731
356 74.0731
357 74.0731
358 73.9538
359 73.9538
360 73.9538
361 73.7383
362 73.619
363 73.619
364 73.4584
365 73.4584
366 73.4584
367 73.282
368 73.282
369 73.282
370 73.282
371 73.282
372 73.004
373 73.004
374 73.004
375 73.004
376 72.8468
377 72.8468
378 72.8468
379 72.8468
380 72.8468
381 72.2122
382 72.2122
383 72.2122
384 72.2122
385 72.2122
386 72.2122
387 72.2122
388 72.2122
389 71.905
390 71.905
391 71.8413
392 71.8413
393 71.8413
394 71.8413
395 71.8413
396 71.8413
397 71.8413
398 71.8413
399 71.8413
400 71.8413
401 71.8413
402 71.8413
403 71.8413
404 71.8413
405 71.8413
406 71.7344
407 71.007
408 71.007
409 70.9002
410 70.9002
411 70.9002
412 70.9002
413 70.7676
414 70.7676
415 70.7676
416 70.3888
417 70.3888
418 70.3888
419 70.3888
420 70.3888
421 70.3888
422 70.3888
423 70.3888
424 70.133
425 70.133
426 70.133
427 70.133
428 70.133
429 70.133
430 70.133
431 70.133
432 70.133
433 70.133
434 69.8389
435 69.8389
436 69.7145
437 69.7145
438 69.6554
439 69.6554
440 69.6554
441 69.6554
442 69.6554
443 69.6554
444 69.6554
445 69.6554
446 69.6554
447 69.6554
448 69.5951
449 69.5951
450 69.5798
451 69.4872
452 69.4872
453 69.4872
454 69.4872
455 69.4872
456 69.4872
457 69.4872
458 69.4872
459 69.4872
460 69.4872
461 69.4872
462 69.4427
463 69.4427
464 69.4427
465 69.4427
466 69.4427
467 69.4427
468 69.4427
469 69.4427
470 69.4427
471 69.4427
472 69.4427
473 69.4427
474 69.4427
475 69.4427
476 69.4427
477 69.4427
478 69.4427
479 69.4427
480 69.4427
481 69.4427
482 69.4427
483 69.4427
484 69.3672
485 69.2909
486 69.2909
487 69.2909
488 69.2909
489 69.2909
490 69.2909
491 69.2784
492 69.2784
493 69.2784
494 69.2784
495 69.2784
496 69.2784
497 69.2784
498 69.2784
499 69.2784
500 69.2784
501 69.2784
502 69.2784
503 69.2784
504 69.2784
505 69.2784
506 69.2784
507 69.2615
508 69.2615
509 68.7798
510 68.5856
511 68.5856
512 68.193
513 68.193
514 68.193
515 68.193
516 68.193
517 68.0489
518 68.0489
519 68.0489
520 68.0489
521 68.0489
522 68.0489
523 68.0489
524 68.0489
525 68.0489
526 68.0489
527 68.0489
528 68.0489
529 68.0489
530 68.0489
531 68.0489
532 68.0489
533 68.0489
534 68.0489
535 68.0489
536 67.8172
537 67.8172
538 67.8172
539 67.8172
540 67.8172
541 67.5531
542 67.5531
543 67.5531
544 67.5531
545 67.5531
546 67.5531
547 67.5531
548 67.5531
549 67.5531
550 67.5531
551 67.5531
552 67.5531
553 67.5531
554 67.5531
555 67.5531
556 67.5531
557 67.5531
558 67.5531
559 67.5531
560 67.5531
561 67.5531
562 67.5531
563 67.5531
564 67.5531
565 67.5531
566 67.5531
567 67.5531
568 67.5531
569 67.5531
570 67.5531
571 67.5531
572 67.5531
573 67.5531
574 67.5531
575 67.5531
576 67.5531
577 67.5531
578 67.5531
579 67.5531
580 67.5531
581 67.5531
582 67.5531
583 67.5531
584 67.5531
585 67.5531
586 67.5531
587 67.5531
588 67.5531
589 67.5531
590 67.5531
591 67.5531
592 67.5531
593 67.5531
594 67.5531
595 67.5531
596 67.5531
597 67.5531
598 67.3895
599 67.3895
600 67.3895
601 67.1656
602 67.1656
603 67.1656
604 67.1656
605 67.1656
606 67.1656
607 66.8318
608 66.8318
609 66.8318
610 66.8318
611 66.8318
612 66.8318
613 66.8318
614 66.8318
615 66.8318
616 66.8318
617 66.8318
618 66.8318
619 66.8318
620 66.8318
621 66.8318
622 66.8318
623 66.8318
624 66.8318
625 66.8318
626 66.8318
627 66.8318
628 66.8318
629 66.8318
630 66.8318
631 66.8318
632 66.8318
633 66.8318
634 66.8318
635 66.8318
636 66.8318
637 66.8318
638 66.8318
639 66.8318
640 66.8318
641 66.8318
642 66.8318
643 66.8318
644 66.8318
645 66.8318
646 66.8318
647 66.8318
648 66.8318
649 66.8318
650 66.8318
651 66.8318
652 66.8318
653 66.8318
654 66.8318
655 66.8318
656 66.8318
657 66.8318
658 66.8318
659 66.8318
660 66.8318
661 66.8318
662 66.8318
663 66.8318
664 66.8318
665 66.8318
666 66.8318
667 66.8318
668 66.8318
669 66.8318
670 66.8318
671 66.8318
672 66.8318
673 66.8318
674 66.8318
675 66.8318
676 66.8318
677 66.8318
678 66.8318
679 66.8318
680 66.8318
681 66.8318
682 66.8318
683 66.8318
684 66.8318
685 66.8318
686 66.8318
687 66.8318
688 66.8318
689 66.8318
690 66.8318
691 66.8318
692 66.8318
693 66.8318
694 66.8318
695 66.8318
696 66.8318
697 66.8318
698 66.8318
699 66.8318
700 66.8318
701 66.8318
702 66.8318
703 66.8318
704 66.8318
705 66.8318
706 66.8318
707 66.8318
708 66.8318
709 66.8318
710 66.8318
711 66.8318
712 66.8318
713 66.8318
714 66.8318
715 66.8318
716 66.8318
717 66.8318
718 66.8318
719 66.8318
720 66.8318
721 66.8318
722 66.8318
723 66.8318
724 66.8318
725 66.8318
726 66.8318
727 66.8318
728 66.8318
729 66.8318
730 66.8318
731 66.8318
732 66.8318
733 66.8318
734 66.8318
735 66.8318
736 66.8318
737 66.8318
738 66.8318
739 66.8318
740 66.8318
741 66.8318
742 66.8318
743 66.8318
744 66.8318
745 66.8318
746 66.8318
747 66.8318
748 66.8318
749 66.8318
750 66.8318
751 66.8318
752 66.8318
753 66.8318
754 66.8318
755 66.8318
756 66.8318
757 66.8318
758 66.8318
759 66.8318
760 66.8318
761 66.8318
762 66.8318
763 66.8318
764 66.8318
765 66.8318
766 66.8318
767 66.8318
768 66.8318
769 66.8318
770 66.8318
771 66.8318
772 66.8318
773 66.8318
774 66.8318
775 66.8318
776 66.8318
777 66.8318
778 66.8318
779 66.8318
780 66.8318
781 66.8318
782 66.8318
783 66.8318
784 66.8318
785 66.8318
786 66.8318
787 66.8318
788 66.8318
789 66.8318
790 66.8318
791 66.8318
792 66.8318
793 66.8318
794 66.8318
795 66.8318
796 66.8318
797 66.8318
798 66.8318
799 66.8318
800 66.8318
801 66.8318
802 66.8318
803 66.8318
804 66.8318
805 66.8318
806 66.8318
807 66.8318
808 66.8318
809 66.8318
810 66.8318
811 66.8318
812 66.8318
813 66.8318
814 66.8318
815 66.8318
816 66.8318
817 66.8318
818 66.8318
819 66.8318
820 66.8318
821 66.8318
822 66.8318
823 66.8318
824 66.8318
825 66.8318
826 66.8318
827 66.8318
828 66.8318
829 66.8318
830 66.8318
831 66.8318
832 66.8318
833 66.8318
834 66.8318
835 66.8318
836 66.8318
837 66.8318
838 66.8313
839 66.8313
840 66.8313
841 66.8313
842 66.8313
843 66.8313
844 66.8313
845 66.8313
846 66.8313
847 66.8313
848 66.8313
849 66.8313
850 66.8313
851 66.8313
852 66.8313
853 66.8313
854 66.8313
855 66.8313
856 66.8313
857 66.8313
858 66.8313
859 66.8313
860 66.8313
861 66.8313
862 66.8313
863 66.8313
864 66.8313
865 66.8313
866 66.8313
867 66.8313
868 66.8313
869 66.8313
870 66.8313
871 66.8313
872 66.8313
873 66.8313
874 66.8313
875 66.8313
876 66.8313
877 66.8313
878 66.8313
879 66.8313
880 66.8313
881 66.8313
882 66.8313
883 66.8313
884 66.8313
885 66.8313
886 66.8313
887 66.8313
888 66.8313
889 66.8313
890 66.8313
891 66.8313
892 66.8313
893 66.8313
894 66.8313
895 66.8313
896 66.8313
897 66.8313
898 66.8313
899 66.8313
900 66.8313
901 66.8313
902 66.8313
903 66.8313
904 66.8313
905 66.8313
906 66.8313
907 66.8313
908 66.8313
909 66.8313
910 66.8313
911 66.8313
912 66.8313
913 66.8313
914 66.8313
915 66.8313
916 66.8313
917 66.8313
918 66.8313
919 66.8313
920 66.8313
921 66.8313
922 66.8313
923 66.8313
924 66.8313
925 66.8313
926 66.8313
927 66.8313
928 66.8313
929 66.8313
930 66.8313
931 66.8313
932 66.8313
933 66.8313
934 66.8313
935 66.8313
936 66.8313
937 66.8313
938 66.8313
939 66.8313
940 66.8313
941 66.8313
942 66.8313
943 66.8313
944 66.8313
945 66.8313
946 66.8313
947 66.8313
948 66.8313
949 66.8313
950 66.8313
951 66.8313
952 66.8313
953 66.8313
954 66.8313
955 66.8313
956 66.8313
957 66.8313
958 66.8313
959 66.8313
960 66.8313
961 66.8313
962 66.8313
963 66.8313
964 66.8313
965 66.8313
966 66.8313
967 66.8313
968 66.8313
969 66.8313
970 66.8313
971 66.8313
972 66.8313
973 66.8313
974 66.8313
975 66.8313
976 66.8313
977 66.8313
978 66.8313
979 66.8313
980 66.8313
981 66.8313
982 66.8313
983 66.8313
984 66.8313
985 66.8313
986 66.8313
987 66.8313
988 66.8313
989 66.8313
990 66.8313
991 66.8313
992 66.8313
993 66.8313
994 66.8313
995 66.8313
996 66.8313
997 66.8313
998 66.8313
999 66.8313
1000 66.8313
1001 66.8313
1002 66.8313
1003 66.8313
1004 66.8313
1005 66.8313
1006 66.8313
1007 66.8313
1008 66.8313
1009 66.8313
1010 66.8313
1011 66.8313
1012 66.8313
1013 66.8313
1014 66.8313
1015 66.8313
1016 66.8313
1017 66.8313
1018 66.8313
1019 66.8313
1020 66.8313
1021 66.8313
1022 66.8313
1023 66.8313
1024 66.8313
1025 66.8313
1026 66.8313
1027 66.8313
1028 66.8313
1029 66.8313
1030 66.8313
1031 66.8313
1032 66.8313
1033 66.8313
1034 66.8313
1035 66.8313
1036 66.8313
1037 66.8313
1038 66.8313
1039 66.8313
1040 66.8313
1041 66.8313
1042 66.8313
1043 66.8313
1044 66.8313
1045 66.8313
1046 66.8313
1047 66.8313
1048 66.8313
1049 66.8313
1050 66.8313
1051 66.8313
1052 66.8313
1053 66.8313
1054 66.8313
1055 66.8313
1056 66.8313
1057 66.8313
1058 66.8313
1059 66.8313
1060 66.8313
1061 66.8313
1062 66.8313
1063 66.8313
1064 66.8313
1065 66.8313
1066 66.8313
1067 66.8313
1068 66.8313
1069 66.8313
1070 66.8313
1071 66.8313
1072 66.8313
1073 66.8313
1074 66.8313
1075 66.8313
1076 66.8313
1077 66.8313
1078 66.8313
1079 66.8313
1080 66.8313
1081 66.8313
1082 66.8313
1083 66.8313
1084 66.8313
1085 66.8313
1086 66.8313
1087 66.8313
1088 66.8313
1089 66.8313
1090 66.8313
1091 66.8313
1092 66.8313
1093 66.8313
1094 66.8313
1095 66.8313
1096 66.8313
1097 66.8313
1098 66.8313
1099 66.8313
1100 66.8313
1101 66.8313
1102 66.8313
1103 66.8313
1104 66.8313
1105 66.8313
1106 66.8313
1107 66.8313
1108 66.8313
1109 66.8313
1110 66.8313
1111 66.8313
1112 66.8313
1113 66.8313
1114 66.8313
1115 66.8313
1116 66.8313
1117 66.8313
1118 66.8313
1119 66.8313
1120 66.8313
1121 66.8313
1122 66.8313
1123 66.8313
1124 66.8313
1125 66.8313
1126 66.8313
1127 66.8313
1128 66.8313
1129 66.8313
1130 66.8313
1131 66.8313
1132 66.8313
1133 66.8313
1134 66.8313
1135 66.8313
1136 66.8313
1137 66.8313
1138 66.8313
1139 66.8313
1140 66.8313
1141 66.8313
1142 66.8313
1143 66.8313
1144 66.8313
1145 66.8313
1146 66.8313
1147 66.8313
1148 66.8313
1149 66.8313
1150 66.8313
1151 66.8313
1152 66.8313
1153 66.8313
1154 66.8313
1155 66.8313
1156 66.8313
1157 66.8313
1158 66.8313
1159 66.8313
1160 66.8313
1161 66.8313
1162 66.8313
1163 66.8313
1164 66.8313
1165 66.8313
1166 66.8313
1167 66.8313
1168 66.8313
1169 66.8313
1170 66.8313
1171 66.8313
1172 66.8313
1173 66.8313
1174 66.8313
1175 66.8313
1176 66.8313
1177 66.8313
1178 66.8313
1179 66.8313
1180 66.8313
1181 66.8313
1182 66.8313
1183 66.8313
1184 66.8313
1185 66.8313
1186 66.8313
1187 66.8313
1188 66.8313
1189 66.8313
1190 66.8313
1191 66.8313
1192 66.8313
1193 66.8313
1194 66.8313
1195 66.8313
1196 66.8313
1197 66.8313
1198 66.8313
1199 66.8313
1200 66.8313
1201 66.8313
1202 66.8313
1203 66.8313
1204 66.8313
1205 66.8313
1206 66.8313
1207 66.8313
1208 66.8313
1209 66.8313
1210 66.8313
1211 66.8313
1212 66.8313
1213 66.8313
1214 66.8313
1215 66.8313
1216 66.8313
1217 66.8313
1218 66.8313
1219 66.8313
1220 66.8313
1221 66.8313
1222 66.8313
1223 66.8313
1224 66.8313
1225 66.8313
1226 66.8313
1227 66.8313
1228 66.8313
1229 66.8313
1230 66.8313
1231 66.8313
1232 66.8313
1233 66.8313
1234 66.8313
1235 66.8313
1236 66.8313
1237 66.8313
1238 66.8313
1239 66.8313
1240 66.8313
1241 66.8313
1242 66.8313
1243 66.8313
1244 66.8313
1245 66.8313
1246 66.8313
1247 66.8313
1248 66.8313
1249 66.8313
1250 66.8313
1251 66.8313
1252 66.8313
1253 66.8313
1254 66.8313
1255 66.8313
1256 66.8313
1257 66.8313
1258 66.8313
1259 66.8313
1260 66.8313
1261 66.8313
1262 66.8313
1263 66.8313
1264 66.8313
1265 66.8313
1266 66.8313
1267 66.8313
1268 66.8313
1269 66.8313
1270 66.8313
1271 66.8313
1272 66.8313
1273 66.8313
1274 66.8313
1275 66.8313
1276 66.8313
1277 66.8313
1278 66.8313
1279 66.8313
1280 66.8313
1281 66.8313
1282 66.8313
1283 66.8313
1284 66.8313
1285 66.8313
1286 66.8313
1287 66.8313
1288 66.8313
1289 66.8313
1290 66.8313
1291 66.8313
1292 66.8313
1293 66.8313
1294 66.8313
1295 66.8313
1296 66.8313
1297 66.8313
1298 66.8313
1299 66.8313
1300 66.8313
1301 66.8313
1302 66.8313
1303 66.8313
1304 66.8313
1305 66.8313
1306 66.8313
1307 66.8313
1308 66.8313
1309 66.8313
1310 66.8313
1311 66.8313
1312 66.8313
1313 66.8313
1314 66.8313
1315 66.8313
1316 66.8313
1317 66.8313
1318 66.8313
1319 66.8313
1320 66.8313
1321 66.8313
1322 66.8313
1323 66.8313
1324 66.8313
1325 66.8313
1326 66.8313
1327 66.8313
1328 66.8313
1329 66.8313
1330 66.8313
1331 66.8313
1332 66.8313
1333 66.8313
1334 66.8313
1335 66.8313
1336 66.8313
1337 66.8313
1338 66.8313
1339 66.8313
1340 66.8313
1341 66.8313
1342 66.8313
1343 66.8313
1344 66.8313
1345 66.8313
1346 66.8313
1347 66.8313
1348 66.8313
1349 66.8313
1350 66.8313
1351 66.8313
1352 66.8313
1353 66.8313
1354 66.8313
1355 66.8313
1356 66.8313
1357 66.8313
1358 66.8313
1359 66.8313
1360 66.8313
1361 66.8313
1362 66.8313
1363 66.8313
1364 66.8313
1365 66.8313
1366 66.8313
1367 66.8313
1368 66.8313
1369 66.8313
1370 66.8313
1371 66.8313
1372 66.8313
1373 66.8313
1374 66.8313
1375 66.8313
1376 66.8313
1377 66.8313
1378 66.8313
1379 66.8313
1380 66.8313
1381 66.8313
1382 66.8313
1383 66.8313
1384 66.8313
1385 66.8313
1386 66.8313
1387 66.8313
1388 66.8313
1389 66.8313
1390 66.8313
1391 66.8313
1392 66.8313
1393 66.8313
1394 66.8313
1395 66.8313
1396 66.8313
1397 66.8313
1398 66.8313
1399 66.8313
1400 66.8313
1401 66.8313
1402 66.8313
1403 66.8313
1404 66.8313
1405 66.8313
1406 66.8313
1407 66.8313
1408 66.8313
1409 66.8313
1410 66.8313
1411 66.8313
1412 66.8313
1413 66.8313
1414 66.8313
1415 66.8313
1416 66.8313
1417 66.8313
1418 66.8313
1419 66.8313
1420 66.8313
1421 66.8313
1422 66.8313
1423 66.8313
1424 66.8313
1425 66.8313
1426 66.8313
1427 66.8313
1428 66.8313
1429 66.8313
1430 66.8313
1431 66.8313
1432 66.8313
1433 66.8313
1434 66.8313
1435 66.8313
1436 66.8313
1437 66.8313
1438 66.8313
1439 66.8313
1440 66.8313
1441 66.8313
1442 66.8313
1443 66.8313
1444 66.8313
1445 66.8313
1446 66.8313
1447 66.8313
1448 66.8313
1449 66.8313
1450 66.8313
1451 66.8313
1452 66.8313
1453 66.8313
1454 66.8313
1455 66.8313
1456 66.8313
1457 66.8313
1458 66.8313
1459 66.8313
1460 66.8313
1461 66.8313
1462 66.8313
1463 66.8313
1464 66.8313
1465 66.8313
1466 66.8313
1467 66.8313
1468 66.8313
1469 66.8313
1470 66.8313
1471 66.8313
1472 66.8313
1473 66.8313
1474 66.8313
1475 66.8313
1476 66.8313
1477 66.8313
1478 66.8313
1479 66.8313
1480 66.8313
1481 66.8313
1482 66.8313
1483 66.8313
1484 66.8313
1485 66.8313
1486 66.8313
1487 66.8313
1488 66.8313
1489 66.8313
1490 66.8313
1491 66.8313
1492 66.8313
1493 66.8313
1494 66.8313
1495 66.8313
1496 66.8313
1497 66.8313
1498 66.8313
1499 66.8313
1500 66.8313
1501 66.8313
1502 66.8313
1503 66.8313
1504 66.8313
1505 66.8313
1506 66.8313
1507 66.8313
1508 66.8313
1509 66.8313
1510 66.8313
1511 66.8313
1512 66.8313
1513 66.8313
1514 66.8313
1515 66.8313
1516 66.8313
1517 66.8313
1518 66.8313
1519 66.8313
1520 66.8313
1521 66.8313
1522 66.8313
1523 66.8313
1524 66.8313
1525 66.8313
1526 66.8313
1527 66.8313
1528 66.8313
1529 66.8313
1530 66.8313
1531 66.8313
1532 66.8313
1533 66.8313
1534 66.8313
1535 66.8313
1536 66.8313
1537 66.8313
1538 66.8313
1539 66.8313
1540 66.8313
1541 66.8313
1542 66.8313
1543 66.8313
1544 66.8313
1545 66.8313
1546 66.8313
1547 66.8313
1548 66.8313
1549 66.8313
1550 66.8313
1551 66.8313
1552 66.8313
1553 66.8313
1554 66.8313
1555 66.8313
1556 66.8313
1557 66.8313
1558 66.8313
1559 66.8313
1560 66.8313
1561 66.8313
1562 66.8313
1563 66.8313
1564 66.8313
1565 66.8313
1566 66.8313
1567 66.8313
1568 66.8313
1569 66.8313
1570 66.8313
1571 66.8313
1572 66.8313
1573 66.8313
1574 66.8313
1575 66.8313
1576 66.8313
1577 66.8313
1578 66.8313
1579 66.8313
1580 66.8313
1581 66.8313
1582 66.8313
1583 66.8313
1584 66.8313
1585 66.8313
1586 66.8313
1587 66.8313
1588 66.8313
1589 66.8313
1590 66.8313
1591 66.8313
1592 66.8313
1593 66.8313
1594 66.8313
1595 66.8313
1596 66.8313
1597 66.8313
1598 66.8313
1599 66.8313
1600 66.8313
1601 66.8313
1602 66.8313
1603 66.8313
1604 66.8313
1605 66.8313
1606 66.8313
1607 66.8313
1608 66.8313
1609 66.8313
1610 66.8313
1611 66.8313
1612 66.8313
1613 66.8313
1614 66.8313
1615 66.8313
1616 66.8313
1617 66.8313
1618 66.8313
1619 66.8313
1620 66.8313
1621 66.8313
1622 66.8313
1623 66.8313
1624 66.8313
1625 66.8313
1626 66.8313
1627 66.8313
1628 66.8313
1629 66.8313
1630 66.8313
1631 66.8313
1632 66.8313
1633 66.8313
1634 66.8313
1635 66.8313
1636 66.8313
1637 66.8313
1638 66.8313
1639 66.8313
1640 66.8313
1641 66.8313
1642 66.8313
1643 66.8313
1644 66.8313
1645 66.8313
1646 66.8313
1647 66.8313
1648 66.8313
1649 66.8313
1650 66.8313
1651 66.8313
1652 66.8313
1653 66.8313
1654 66.8313
1655 66.8313
1656 66.8313
1657 66.8313
1658 66.8313
1659 66.8313
1660 66.8313
1661 66.8313
1662 66.8313
1663 66.8313
1664 66.8313
1665 66.8313
1666 66.8313
1667 66.8313
1668 66.8313
1669 66.8313
1670 66.8313
1671 66.8313
1672 66.8313
1673 66.8313
1674 66.8313
1675 66.8313
1676 66.8313
1677 66.8313
1678 66.8313
1679 66.8313
1680 66.8313
1681 66.8313
1682 66.8313
1683 66.8313
1684 66.8313
1685 66.8313
1686 66.8313
1687 66.8313
1688 66.8313
1689 66.8313
1690 66.8313
1691 66.8313
1692 66.8313
1693 66.8313
1694 66.8313
1695 66.8313
1696 66.8313
1697 66.8313
1698 66.8313
1699 66.8313
1700 66.8313
1701 66.8313
1702 66.8313
1703 66.8313
1704 66.8313
1705 66.8313
1706 66.8313
1707 66.8313
1708 66.8313
1709 66.8313
1710 66.8313
1711 66.8313
1712 66.8313
1713 66.8313
1714 66.8313
1715 66.8313
1716 66.8313
1717 66.8313
1718 66.8313
1719 66.8313
1720 66.8313
1721 66.8313
1722 66.8313
1723 66.8313
1724 66.8313
1725 66.8313
1726 66.8313
1727 66.8313
1728 66.8313
1729 66.8313
1730 66.8313
1731 66.8313
1732 66.8313
1733 66.8313
1734 66.8313
1735 66.8313
1736 66.8313
1737 66.8313
1738 66.8313
1739 66.8313
1740 66.8313
1741 66.8313
1742 66.8313
1743 66.8313
1744 66.8313
1745 66.8313
1746 66.8313
1747 66.8313
1748 66.8313
1749 66.8313
1750 66.8313
1751 66.8313
1752 66.8313
1753 66.8313
1754 66.8313
1755 66.8313
1756 66.8313
1757 66.8313
1758 66.8313
1759 66.8313
1760 66.8313
1761 66.8313
1762 66.8313
1763 66.8313
1764 66.8313
1765 66.8313
1766 66.8313
1767 66.8313
1768 66.8313
1769 66.8313
1770 66.8313
1771 66.8313
1772 66.8313
1773 66.8313
1774 66.8313
1775 66.8313
1776 66.8313
1777 66.8313
1778 66.8313
1779 66.8313
1780 66.8313
1781 66.8313
1782 66.8313
1783 66.8313
1784 66.8313
1785 66.8313
1786 66.8313
1787 66.8313
1788 66.8313
1789 66.8313
1790 66.8313
1791 66.8313
1792 66.8313
1793 66.8313
1794 66.8313
1795 66.8313
1796 66.8313
1797 66.8313
1798 66.8313
1799 66.8313
1800 66.8313
1801 66.8313
1802 66.8313
1803 66.8313
1804 66.8313
1805 66.8313
1806 66.8313
1807 66.8313
1808 66.8313
1809 66.8313
1810 66.8313
1811 66.8313
1812 66.8313
1813 66.8313
1814 66.8313
1815 66.8313
1816 66.8313
1817 66.8313
1818 66.8313
1819 66.8313
1820 66.8313
1821 66.8313
1822 66.8313
1823 66.8313
1824 66.8313
1825 66.8313
1826 66.8313
1827 66.8313
1828 66.8313
1829 66.8313
1830 66.8313
1831 66.8313
1832 66.8313
1833 66.8313
1834 66.8313
1835 66.8313
1836 66.8313
1837 66.8313
1838 66.8313
1839 66.8313
1840 66.8313
1841 66.8313
1842 66.8313
1843 66.8313
1844 66.8313
1845 66.8313
1846 66.8313
1847 66.8313
1848 66.8313
1849 66.8313
1850 66.8313
1851 66.8313
1852 66.8313
1853 66.8313
1854 66.8313
1855 66.8313
1856 66.8313
1857 66.8313
1858 66.8313
1859 66.8313
1860 66.8313
1861 66.8313
1862 66.8313
1863 66.8313
1864 66.8313
1865 66.8313
1866 66.8313
1867 66.8313
1868 66.8313
1869 66.8313
1870 66.8313
1871 66.8313
1872 66.8313
1873 66.8313
1874 66.8313
1875 66.8313
1876 66.8313
1877 66.8313
1878 66.8313
1879 66.8313
1880 66.8313
1881 66.8313
1882 66.8313
1883 66.8313
1884 66.8313
1885 66.8313
1886 66.8313
1887 66.8313
1888 66.8313
1889 66.8313
1890 66.8313
1891 66.8313
1892 66.8313
1893 66.8313
1894 66.8313
1895 66.8313
1896 66.8313
1897 66.8313
1898 66.8313
1899 66.8313
1900 66.8313
1901 66.8313
1902 66.8313
1903 66.8313
1904 66.8313
1905 66.8313
1906 66.8313
1907 66.8313
1908 66.8313
1909 66.8313
1910 66.8313
1911 66.8313
1912 66.8313
1913 66.8313
1914 66.8313
1915 66.8313
1916 66.8313
1917 66.8313
1918 66.8313
1919 66.8313
1920 66.8313
1921 66.8313
1922 66.8313
1923 66.8313
1924 66.8313
1925 66.8313
1926 66.8313
1927 66.8313
1928 66.8313
1929 66.8313
1930 66.8313
1931 66.8313
1932 66.8313
1933 66.8313
1934 66.8313
1935 66.8313
1936 66.8313
1937 66.8313
1938 66.8313
1939 66.8313
1940 66.8313
1941 66.8313
1942 66.8313
1943 66.8313
1944 66.8313
1945 66.8313
1946 66.8313
1947 66.8313
1948 66.8313
1949 66.8313
1950 66.8313
1951 66.8313
1952 66.8313
1953 66.8313
1954 66.8313
1955 66.8313
1956 66.8313
1957 66.8313
1958 66.8313
1959 66.8313
1960 66.8313
1961 66.8313
1962 66.8313
1963 66.8313
1964 66.8313
1965 66.8313
1966 66.8313
1967 66.8313
1968 66.8313
1969 66.8313
1970 66.8313
1971 66.8313
1972 66.8313
1973 66.8313
1974 66.8313
1975 66.8313
1976 66.8313
1977 66.8313
1978 66.8313
1979 66.8313
1980 66.8313
1981 66.8313
1982 66.8313
1983 66.8313
1984 66.8313
1985 66.8313
1986 66.8313
1987 66.8313
1988 66.8313
1989 66.8313
1990 66.8313
1991 66.8313
1992 66.8313
1993 66.8313
1994 66.8313
1995 66.8313
1996 66.8313
1997 66.8313
1998 66.8313
1999 66.8313
