0 424.757
1 405.079
2 392.382
3 381.101
4 371.065
5 366.097
6 361.911
7 357.127
8 348.161
9 344.114
10 336.334
11 332.67
12 325.222
13 316.624
14 309.456
15 306.028
16 302.264
17 291.215
18 291.215
19 286.216
20 284.23
21 280.733
22 277.013
23 269.898
24 268.813
25 265.3
26 259.025
27 253.385
28 247.736
29 243.326
30 240.503
31 238.34
32 235.955
33 234.428
34 231.181
35 224.322
36 223.969
37 218.409
38 216.881
39 215.893
40 214.773
41 213.902
42 212.373
43 210.643
44 209.458
45 209.11
46 207.333
47 205.248
48 203.455
49 203.455
50 199.83
51 198.381
52 193.488
53 193.397
54 192.01
55 188.66
56 187.762
57 187.61
58 184.323
59 182.194
60 180.542
61 177.822
62 176.544
63 173.125
64 173.125
65 171.492
66 169.867
67 169.867
68 167.032
69 166.783
70 161.485
71 161.485
72 158.988
73 158.358
74 158.358
75 158.29
76 158.267
77 156.998
78 156.966
79 155.641
80 155.042
81 154.002
82 153.751
83 152.947
84 152.358
85 151.303
86 148.323
87 148.323
88 147.892
89 146.266
90 142.876
91 141.253
92 140.843
93 140.132
94 140.132
95 139.584
96 139.583
97 139.057
98 138.733
99 135.639
100 134.87
101 134.87
102 132.706
103 132.046
104 132.046
105 132.046
106 131.719
107 131.514
108 131.165
109 131.165
110 130.469
111 128.769
112 128.769
113 128.769
114 128.769
115 128.066
116 128.066
117 127.712
118 127.549
119 127.549
120 125.711
121 125.711
122 125.129
123 125.075
124 124.685
125 124.159
126 124.065
127 124.065
128 123.665
129 122.557
130 121.981
131 121.981
132 121.447
133 119.958
134 119.958
135 119.044
136 118.942
137 117.003
138 115.221
139 115.221
140 115.221
141 114.696
142 114.696
143 114.582
144 113.738
145 113.623
146 112.734
147 112.734
148 111.524
149 109.064
150 106.144
151 106.144
152 105.532
153 105.495
154 105.241
155 104.693
156 104.354
157 103.994
158 103.994
159 103.79
160 103.407
161 103.052
162 103.015
163 102.605
164 101.982
165 101.982
166 101.292
167 101.053
168 100.882
169 100.845
170 100.814
171 100.776
172 100.776
173 100.776
174 100.776
175 100.514
176 100.3
177 100.04
178 100.04
179 99.8084
180 99.3015
181 99.3015
182 99.0365
183 98.8944
184 98.8944
185 98.5188
186 98.3767
187 98.2728
188 98.2728
189 97.8698
190 97.7659
191 96.7284
192 96.7284
193 96.7284
194 96.7284
195 96.6947
196 96.6947
197 95.7833
198 95.7833
199 95.3339
200 95.3339
201 95.1777
202 94.3888
203 94.3888
204 94.3888
205 94.2966
206 93.7932
207 93.4931
208 93.4931
209 93.4931
210 92.5289
211 92.5289
212 92.5289
213 92.3569
214 92.3569
215 92.3569
216 92.2231
217 92.2231
218 92.2231
219 92.2231
220 91.9209
221 91.9209
222 91.9209
223 91.9209
224 91.9209
225 91.1588
226 91.1588
227 91.1588
228 91.1588
229 91.1588
230 90.7427
231 90.5234
232 90.1072
233 90.1072
234 89.7206
235 89.7206
236 89.7206
237 89.7206
238 89.6773
239 89.6773
240 89.4428
241 89.4428
242 88.814
243 88.814
244 88.814
245 88.814
246 88.814
247 88.814
248 88.275
249 88.275
250 88.275
251 88.275
252 88.275
253 87.5724
254 87.5724
255 87.5724
256 87.5724
257 87.5724
258 87.5724
259 87.5724
260 87.5724
261 87.0984
262 87.0984
263 87.0984
264 87.0984
265 87.0984
266 87.0984
267 87.0984
268 87.0984
269 86.2694
270 86.2694
271 86.2694
272 86.2237
273 86.2237
274 85.767
275 85.767
276 85.767
277 85.767
278 85.767
279 85.2789
280 85.2332
281 85.2332
282 85.2332
283 85.2332
284 85.2332
285 84.9557
286 84.9557
287 84.5725
288 84.295
289 84.293
290 84.293
291 84.231
292 84.231
293 84.229
294 84.229
295 84.229
296 84.229
297 84.229
298 84.0877
299 84.0877
300 83.5132
301 83.5132
302 83.5077
303 83.5077
304 83.5077
305 83.3487
306 83.3487
307 83.3487
308 83.3487
309 83.3487
310 83.3487
311 82.6416
312 82.6416
313 82.6416
314 82.6416
315 82.6416
316 82.6416
317 82.6416
318 82.6416
319 82.6416
320 82.425
321 82.3469
322 82.3469
323 82.1303
324 82.1303
325 82.0693
326 82.0693
327 82.0693
328 82.0693
329 82.0693
330 82.0693
331 82.0693
332 82.0693
333 82.0693
334 82.0693
335 82.0693
336 82.0693
337 82.0693
338 82.0693
339 81.5351
340 81.5351
341 81.5351
342 81.5351
343 81.5351
344 81.5351
345 81.2544
346 81.2544
347 81.1032
348 81.1032
349 81.1032
350 81.1032
351 80.876
352 80.876
353 80.876
354 80.876
355 80.876
356 80.876
357 80.876
358 80.876
359 80.876
360 80.876
361 80.876
362 80.876
363 80.876
364 80.876
365 80.876
366 80.773
367 80.773
368 80.656
369 80.656
370 80.656
371 80.656
372 80.656
373 80.5913
374 80.5913
375 80.5913
376 80.5913
377 80.5913
378 80.5913
379 80.5913
380 80.447
381 80.2272
382 80.2272
383 80.0829
384 80.0829
385 80.0829
386 80.0829
387 80.0327
388 80.0327
389 79.9857
390 79.9354
391 79.9354
392 79.9354
393 79.8473
394 79.8473
395 79.8473
396 79.8473
397 79.8473
398 79.8473
399 79.8473
400 79.8473
401 79.8473
402 79.8473
403 79.8473
404 79.8473
405 79.7443
406 79.7443
407 79.7443
408 79.7443
409 79.7443
410 79.7443
411 79.7443
412 79.7443
413 79.7443
414 79.6318
415 79.6318
416 79.6318
417 79.4374
418 79.4374
419 79.3005
420 79.3005
421 79.1296
422 79.1296
423 79.1296
424 79.1296
425 79.1296
426 79.1296
427 79.1296
428 79.1296
429 79.1296
430 79.1296
431 79.1296
432 79.1296
433 79.1296
434 79.1296
435 79.1296
436 79.1296
437 79.1296
438 79.1296
439 79.1296
440 79.1296
441 79.1296
442 79.1296
443 79.1296
444 79.1296
445 79.1296
446 79.1296
447 79.1296
448 79.1296
449 79.0986
450 79.0986
451 79.0986
452 79.0986
453 79.0986
454 79.0986
455 79.0986
456 78.906
457 78.906
458 78.906
459 78.4099
460 78.4099
461 78.4099
462 78.4099
463 78.4099
464 78.4099
465 78.4099
466 78.4099
467 78.4099
468 78.4099
469 78.4099
470 78.4099
471 78.4099
472 78.3636
473 78.3636
474 78.0126
475 78.0126
476 78.0126
477 78.0126
478 78.0126
479 78.0126
480 78.0126
481 78.0126
482 78.0126
483 78.0126
484 78.0126
485 78.0126
486 78.0126
487 78.0126
488 78.0126
489 78.0126
490 77.8956
491 77.8956
492 77.8956
493 77.8956
494 77.8956
495 77.8956
496 77.8956
497 77.8956
498 77.8956
499 77.8956
500 77.8956
501 77.864
502 77.864
503 77.864
504 77.8325
505 77.8325
506 77.6001
507 77.5686
508 77.5371
509 77.5371
510 77.5371
511 77.3509
512 77.3509
513 77.3509
514 77.3509
515 77.1109
516 76.9334
517 76.9334
518 76.6934
519 76.6934
520 76.6934
521 76.6934
522 76.6934
523 76.6934
524 76.6934
525 76.6934
526 76.6934
527 76.6934
528 76.6934
529 76.6934
530 76.6934
531 76.6934
532 76.6934
533 76.6934
534 76.6934
535 76.6934
536 76.6934
537 76.6934
538 76.6934
539 76.6934
540 76.6934
541 76.6934
542 76.6934
543 76.6934
544 76.6934
545 76.1708
546 76.1708
547 76.1708
548 76.1708
549 76.1708
550 76.1708
551 76.1708
552 76.1708
553 76.1708
554 76.1708
555 76.1708
556 76.1708
557 76.1708
558 76.1708
559 76.1708
560 76.1708
561 76.1708
562 76.1708
563 76.1708
564 76.1708
565 76.1708
566 76.1708
567 76.1708
568 76.1708
569 76.1708
570 76.1708
571 76.1708
572 76.1708
573 76.1536
574 76.1536
575 76.0509
576 76.0509
577 76.0509
578 76.0509
579 76.0509
580 76.0498
581 76.0086
582 76.0086
583 76.0075
584 76.0075
585 76.0075
586 76.0075
587 76.0075
588 75.9222
589 75.9222
590 75.9222
591 75.9222
592 75.9222
593 75.9222
594 75.9222
595 75.6578
596 75.6578
597 75.6578
598 75.6475
599 75.6475
600 75.6475
601 75.6475
602 75.6475
603 75.6475
604 75.2727
605 75.2727
606 75.2727
607 75.2727
608 75.2727
609 75.2727
610 75.2727
611 75.2727
612 75.2727
613 75.2727
614 75.2727
615 75.2727
616 75.2727
617 75.2727
618 75.2727
619 75.2727
620 75.2727
621 75.2727
622 75.2727
623 75.2727
624 75.2727
625 75.2727
626 75.2727
627 75.2727
628 75.2727
629 75.2727
630 75.2727
631 75.2727
632 75.2727
633 75.2727
634 75.2727
635 75.2727
636 75.2727
637 75.2727
638 75.2727
639 75.2727
640 75.2727
641 75.2727
642 75.2727
643 75.2727
644 75.2727
645 75.2727
646 75.2727
647 75.2727
648 75.2727
649 75.2727
650 75.2727
651 75.2727
652 75.2727
653 75.2727
654 75.0929
655 75.0929
656 75.0929
657 75.0929
658 74.7527
659 74.7527
660 74.7527
661 74.7527
662 74.7527
663 74.7527
664 74.7527
665 74.7527
666 74.7527
667 74.7527
668 74.7527
669 74.7527
670 74.7527
671 74.5093
672 74.5093
673 74.5093
674 74.5093
675 74.5093
676 74.5093
677 74.5093
678 74.5093
679 74.5093
680 74.5093
681 74.5093
682 74.5093
683 74.5093
684 74.5093
685 74.5093
686 74.5093
687 74.5093
688 74.1984
689 74.1984
690 74.1984
691 74.1984
692 74.1984
693 74.1984
694 74.1984
695 74.1984
696 74.1984
697 74.1984
698 74.1984
699 74.1984
700 74.1984
701 73.7095
702 73.7095
703 73.7095
704 73.7095
705 73.7095
706 73.7095
707 73.7095
708 72.932
709 72.932
710 72.932
711 72.932
712 72.932
713 72.932
714 72.932
715 72.6188
716 72.6188
717 72.6188
718 72.6188
719 72.6188
720 72.6188
721 72.6188
722 72.6188
723 72.6188
724 72.6188
725 72.6188
726 72.6188
727 72.6188
728 72.6188
729 72.6188
730 72.6188
731 72.6188
732 72.6188
733 72.6188
734 72.6188
735 72.6188
736 72.6188
737 72.6188
738 72.6188
739 72.6188
740 72.6188
741 72.6188
742 72.6188
743 72.6188
744 72.6188
745 72.6188
746 72.6188
747 72.6188
748 72.6188
749 72.6188
750 72.6188
751 72.6188
752 72.6188
753 72.6188
754 72.6188
755 72.6188
756 72.6188
757 72.6188
758 72.6188
759 72.6188
760 72.6188
761 72.6188
762 72.6188
763 72.6188
764 72.6188
765 72.6188
766 72.6188
767 72.6188
768 72.6188
769 72.6188
770 72.6188
771 72.6188
772 72.6188
773 72.6188
774 72.6188
775 72.4409
776 72.4409
777 72.4409
778 72.4409
779 72.4409
780 72.4409
781 72.4409
782 72.4409
783 72.4409
784 72.4409
785 72.4409
786 72.4409
787 72.4409
788 72.4409
789 72.4409
790 72.4409
791 72.4409
792 72.4409
793 72.4409
794 72.4409
795 72.4409
796 72.4409
797 72.4409
798 72.0523
799 72.0523
800 72.0523
801 72.0523
802 72.0523
803 72.0523
804 72.0523
805 72.0523
806 72.0523
807 72.0523
808 72.0523
809 71.9845
810 71.9845
811 71.9845
812 71.9845
813 71.9845
814 71.9845
815 71.9845
816 71.9845
817 71.9845
818 71.9845
819 71.9845
820 71.9845
821 71.9845
822 71.9845
823 71.9845
824 71.9845
825 71.9845
826 71.9845
827 71.9845
828 71.9845
829 71.9845
830 71.9845
831 71.9845
832 71.9845
833 71.9845
834 71.9845
835 71.9845
836 71.9845
837 71.9845
838 71.9845
839 71.9845
840 71.9845
841 71.9845
842 71.9845
843 71.9845
844 71.9845
845 71.9845
846 71.9845
847 71.9845
848 71.9845
849 71.9845
850 71.9845
851 71.9845
852 71.9845
853 71.9845
854 71.9845
855 71.9845
856 71.9845
857 71.9845
858 71.9845
859 71.9845
860 71.9845
861 69.5206
862 69.5206
863 69.5206
864 69.5206
865 69.5206
866 69.5206
867 69.5206
868 69.5206
869 69.5206
870 69.5206
871 69.5206
872 69.5206
873 69.5206
874 69.5206
875 69.5206
876 69.5206
877 69.5206
878 69.5206
879 69.5206
880 69.5206
881 69.5206
882 69.5206
883 69.5206
884 69.5206
885 69.5206
886 69.5206
887 69.5206
888 69.5206
889 69.5206
890 69.5206
891 69.5206
892 69.5206
893 69.5206
894 69.5206
895 69.5206
896 69.5206
897 69.5206
898 69.5206
899 69.5206
900 68.8432
901 68.8432
902 68.8432
903 68.8432
904 68.8432
905 68.8432
906 68.8432
907 68.8432
908 68.8432
909 68.8432
910 68.8432
911 68.8432
912 68.8432
913 68.8432
914 68.8432
915 68.8432
916 68.8432
917 68.8432
918 68.8432
919 68.8432
920 68.8432
921 68.8432
922 68.8432
923 68.8432
924 68.8432
925 68.8432
926 68.653
927 68.653
928 68.653
929 68.653
930 68.653
931 68.653
932 68.653
933 68.653
934 68.653
935 68.653
936 68.653
937 68.653
938 68.6349
939 68.6349
940 68.549
941 68.549
942 68.4236
943 68.4055
944 68.4055
945 68.4055
946 68.4055
947 68.4055
948 68.4055
949 68.4055
950 68.4055
951 68.4055
952 68.4055
953 68.4055
954 68.4055
955 68.4055
956 68.4055
957 68.4055
958 68.4055
959 68.4055
960 68.4055
961 68.4055
962 68.4055
963 68.4055
964 68.1782
965 68.1782
966 68.1782
967 68.1782
968 68.1782
969 68.1782
970 68.1782
971 68.1782
972 68.1782
973 68.1782
974 68.1782
975 68.1782
976 68.1782
977 68.1782
978 68.1782
979 68.1782
980 68.1782
981 68.1782
982 68.1782
983 68.1782
984 68.1782
985 68.1782
986 68.1782
987 68.1782
988 68.1782
989 68.1782
990 68.1782
991 68.1782
992 68.1782
993 68.1782
994 68.1782
995 68.1782
996 68.1782
997 68.1782
998 68.1782
999 68.1782
1000 68.1782
1001 68.1782
1002 68.1782
1003 68.1782
1004 68.1782
1005 68.1782
1006 68.1782
1007 68.1782
1008 68.1782
1009 68.1782
1010 68.1782
1011 68.1782
1012 68.1782
1013 68.1782
1014 68.1782
1015 68.1782
1016 68.1782
1017 68.1782
1018 68.1782
1019 68.1782
1020 68.1782
1021 68.1782
1022 68.1782
1023 68.1782
1024 68.1782
1025 68.1782
1026 68.1782
1027 68.1782
1028 68.1782
1029 68.1782
1030 68.1782
1031 68.1782
1032 68.1782
1033 68.1782
1034 68.1782
1035 68.1782
1036 68.1782
1037 68.1782
1038 68.1782
1039 68.1782
1040 68.1782
1041 68.1782
1042 68.1782
1043 68.1782
1044 68.1782
1045 68.1782
1046 68.1782
1047 68.1782
1048 68.1782
1049 68.1782
1050 68.1782
1051 68.1782
1052 68.1782
1053 68.1782
1054 68.1782
1055 68.1782
1056 68.1782
1057 68.1782
1058 68.1782
1059 68.1782
1060 68.1782
1061 68.1782
1062 68.1782
1063 68.1782
1064 68.1782
1065 68.1782
1066 68.1782
1067 68.1782
1068 68.1782
1069 68.1782
1070 68.1782
1071 68.1782
1072 68.1782
1073 68.1782
1074 68.1782
1075 68.1782
1076 68.1782
1077 68.1782
1078 68.1782
1079 68.1782
1080 68.1782
1081 68.1782
1082 68.1782
1083 68.1782
1084 68.1782
1085 68.1782
1086 68.1782
1087 68.1782
1088 68.1782
1089 68.1782
1090 68.1782
1091 68.1782
1092 68.1782
1093 68.1782
1094 68.1782
1095 68.1782
1096 68.1782
1097 68.1782
1098 68.1782
1099 68.1782
1100 68.1782
1101 68.1782
1102 68.1782
1103 68.1782
1104 68.1782
1105 68.1782
1106 68.1782
1107 68.1782
1108 68.1782
1109 68.1782
1110 68.1782
1111 68.1782
1112 68.1782
1113 68.1782
1114 68.1782
1115 68.1782
1116 68.1782
1117 68.1782
1118 68.1782
1119 68.1782
1120 68.1782
1121 68.1782
1122 68.1782
1123 68.1782
1124 68.1782
1125 68.1782
1126 68.1782
1127 68.1782
1128 68.1782
1129 68.1782
1130 68.1782
1131 68.1782
1132 68.1782
1133 68.1782
1134 68.1782
1135 68.1782
1136 68.1782
1137 68.1782
1138 68.1782
1139 68.1782
1140 68.1782
1141 68.1782
1142 68.1782
1143 68.1782
1144 68.1782
1145 68.1782
1146 68.1782
1147 68.1782
1148 68.1782
1149 68.1782
1150 68.1782
1151 68.1782
1152 68.1782
1153 68.1782
1154 68.1782
1155 68.1782
1156 68.1782
1157 68.1782
1158 68.1782
1159 68.1782
1160 68.1782
1161 68.1782
1162 68.1782
1163 68.1782
1164 68.1782
1165 68.1782
1166 68.1782
1167 68.1782
1168 68.1782
1169 68.1782
1170 68.1782
1171 68.1782
1172 68.1782
1173 68.1782
1174 68.1782
1175 68.1782
1176 68.1782
1177 68.1782
1178 68.1782
1179 68.1782
1180 68.1782
1181 68.1782
1182 68.1782
1183 68.1782
1184 68.1782
1185 68.1782
1186 68.1782
1187 68.1782
1188 68.1782
1189 68.1782
1190 68.1782
1191 68.1782
1192 68.1782
1193 68.1782
1194 68.1782
1195 68.1782
1196 68.1782
1197 68.1782
1198 68.1782
1199 68.1782
1200 68.1782
1201 68.1782
1202 68.1782
1203 68.1782
1204 68.1782
1205 68.1782
1206 68.1782
1207 68.1782
1208 68.1782
1209 68.1782
1210 68.1782
1211 68.1782
1212 68.1782
1213 68.1782
1214 68.1782
1215 68.1782
1216 68.1782
1217 68.1782
1218 68.1782
1219 68.1782
1220 68.1782
1221 68.1782
1222 68.1782
1223 68.1782
1224 68.1782
1225 68.1782
1226 68.1782
1227 68.1782
1228 68.1782
1229 68.1782
1230 68.1782
1231 68.1782
1232 68.1782
1233 68.1782
1234 68.1782
1235 68.1782
1236 68.1782
1237 68.1782
1238 68.1782
1239 68.1782
1240 68.1782
1241 68.1782
1242 68.1782
1243 68.1782
1244 68.1782
1245 68.1782
1246 68.1782
1247 68.1782
1248 68.1782
1249 68.1782
1250 68.1782
1251 68.1782
1252 68.1782
1253 68.1782
1254 68.1782
1255 68.1782
1256 68.1782
1257 68.1782
1258 68.1782
1259 68.1782
1260 68.1782
1261 68.1782
1262 68.1782
1263 68.1782
1264 68.1782
1265 68.1782
1266 68.1782
1267 68.1782
1268 68.1782
1269 68.1782
1270 68.1782
1271 68.1782
1272 68.1782
1273 68.1782
1274 68.1782
1275 68.1782
1276 68.1782
1277 68.1673
1278 68.1673
1279 68.1673
1280 68.1673
1281 68.1673
1282 68.1673
1283 68.1673
1284 68.1673
1285 68.1673
1286 68.1673
1287 68.1673
1288 68.1673
1289 68.1673
1290 68.1673
1291 68.1673
1292 68.1673
1293 68.1673
1294 68.1673
1295 68.1673
1296 68.1673
1297 68.1673
1298 68.1673
1299 68.1673
1300 68.1673
1301 68.1673
1302 68.1673
1303 68.1673
1304 68.1673
1305 68.1673
1306 68.1673
1307 68.1673
1308 68.1673
1309 68.1673
1310 68.1673
1311 68.1673
1312 68.1673
1313 68.1673
1314 68.1673
1315 68.1673
1316 68.1673
1317 68.1673
1318 68.1673
1319 68.1673
1320 68.1673
1321 68.1673
1322 68.1673
1323 68.1673
1324 68.1673
1325 68.1673
1326 68.1673
1327 68.1673
1328 68.1673
1329 68.1673
1330 68.1673
1331 68.1673
1332 68.1673
1333 68.1673
1334 68.1673
1335 68.1673
1336 68.1673
1337 68.1673
1338 68.1673
1339 68.1673
1340 68.1673
1341 68.1673
1342 68.1673
1343 68.1673
1344 68.1673
1345 68.1673
1346 68.1673
1347 68.1673
1348 68.1673
1349 68.1673
1350 68.1673
1351 68.1673
1352 68.1673
1353 68.1673
1354 68.1673
1355 68.1673
1356 68.1673
1357 68.1673
1358 68.1673
1359 68.1673
1360 68.1673
1361 68.1673
1362 68.1673
1363 68.1673
1364 68.1673
1365 68.1673
1366 68.1673
1367 68.1673
1368 68.1673
1369 68.1673
1370 68.1673
1371 68.1673
1372 68.1673
1373 68.1673
1374 68.1673
1375 68.1673
1376 68.1673
1377 68.1673
1378 68.1673
1379 68.1673
1380 68.1673
1381 68.1673
1382 68.1673
1383 68.1673
1384 68.1673
1385 68.1673
1386 68.1673
1387 68.1673
1388 68.1673
1389 68.1673
1390 68.1673
1391 68.1673
1392 68.1673
1393 68.1673
1394 68.1673
1395 68.1673
1396 68.1673
1397 68.1673
1398 68.1673
1399 68.1673
1400 68.1673
1401 68.1673
1402 68.1673
1403 68.1673
1404 68.1673
1405 68.1673
1406 68.1673
1407 68.1673
1408 68.1673
1409 68.1673
1410 68.1673
1411 68.1673
1412 68.1673
1413 68.1673
1414 68.1673
1415 68.1673
1416 68.1673
1417 68.1673
1418 68.1673
1419 68.1673
1420 68.1673
1421 68.1673
1422 68.1673
1423 68.1673
1424 68.1673
1425 68.1673
1426 68.1673
1427 68.1673
1428 68.1673
1429 68.1673
1430 68.1673
1431 68.1673
1432 68.1673
1433 68.1673
1434 68.1673
1435 68.1673
1436 68.1673
1437 68.1673
1438 68.1673
1439 68.1673
1440 68.1673
1441 68.1673
1442 68.1673
1443 68.1673
1444 68.1673
1445 68.1673
1446 68.1673
1447 68.1673
1448 68.1673
1449 68.1673
1450 68.1673
1451 68.1673
1452 68.1673
1453 68.1673
1454 68.1673
1455 68.1673
1456 68.1673
1457 68.1673
1458 68.1673
1459 68.1673
1460 68.1673
1461 68.1673
1462 68.1673
1463 68.1673
1464 68.1673
1465 68.1673
1466 68.1673
1467 68.1673
1468 68.1673
1469 68.1673
1470 68.1673
1471 68.1673
1472 68.1673
1473 68.1673
1474 68.1673
1475 68.1673
1476 68.1673
1477 68.1673
1478 68.1673
1479 68.1673
1480 68.1673
1481 68.1673
1482 68.1673
1483 68.1673
1484 68.1673
1485 68.1673
1486 68.1673
1487 68.1673
1488 68.1673
1489 68.1673
1490 68.1673
1491 68.1673
1492 68.1673
1493 68.1673
1494 68.1673
1495 68.1673
1496 68.1673
1497 68.1673
1498 68.1673
1499 68.1673
1500 68.1673
1501 68.1673
1502 68.1673
1503 68.1673
1504 68.1673
1505 68.1673
1506 68.1673
1507 68.1673
1508 68.1673
1509 68.1673
1510 68.1673
1511 68.1673
1512 68.1673
1513 68.1673
1514 68.1673
1515 68.1673
1516 68.1673
1517 68.1673
1518 68.1673
1519 68.1673
1520 68.1673
1521 68.1673
1522 68.1673
1523 68.1673
1524 68.1673
1525 68.1673
1526 68.1673
1527 68.1673
1528 68.1673
1529 68.1673
1530 68.1673
1531 68.1673
1532 68.1673
1533 68.1673
1534 68.1673
1535 68.1673
1536 68.1673
1537 68.1673
1538 68.1673
1539 68.1673
1540 68.1673
1541 68.1673
1542 68.1673
1543 68.1673
1544 68.1673
1545 68.1673
1546 68.1673
1547 68.1673
1548 68.1673
1549 68.1673
1550 68.1673
1551 68.1673
1552 68.1673
1553 68.1673
1554 68.1673
1555 68.1673
1556 68.1673
1557 68.1673
1558 68.1673
1559 68.1673
1560 68.1673
1561 68.1673
1562 68.1673
1563 68.1673
1564 68.1673
1565 68.1673
1566 68.1673
1567 68.1673
1568 68.1673
1569 68.1673
1570 68.1673
1571 68.1673
1572 68.1673
1573 67.9475
1574 67.9475
1575 67.4551
1576 67.4551
1577 67.4551
1578 67.4551
1579 67.4551
1580 67.4551
1581 67.4551
1582 67.4551
1583 67.4551
1584 67.4551
1585 67.4551
1586 67.4551
1587 67.4551
1588 67.4551
1589 67.4551
1590 67.4551
1591 67.4551
1592 67.4551
1593 67.4551
1594 67.4551
1595 67.4551
1596 67.4551
1597 67.4551
1598 67.4551
1599 67.4551
1600 67.4551
1601 67.4551
1602 67.4551
1603 67.4551
1604 67.4551
1605 67.4551
1606 67.4551
1607 67.4551
1608 67.4551
1609 67.4551
1610 67.4551
1611 67.4551
1612 67.4551
1613 67.4551
1614 67.4551
1615 67.4551
1616 67.4551
1617 67.4551
1618 67.4551
1619 67.4551
1620 67.4551
1621 67.4551
1622 67.4551
1623 67.4551
1624 67.4551
1625 67.4551
1626 67.4551
1627 67.4551
1628 67.4551
1629 67.4551
1630 67.4551
1631 67.4551
1632 67.4551
1633 67.4551
1634 67.4551
1635 67.4551
1636 67.4551
1637 67.4551
1638 67.4551
1639 67.4551
1640 67.4551
1641 67.4551
1642 67.4551
1643 67.4551
1644 67.4551
1645 67.4551
1646 67.4551
1647 67.4551
1648 67.4551
1649 67.4551
1650 67.4551
1651 67.3109
1652 67.3109
1653 67.3109
1654 67.3109
1655 67.3109
1656 67.3109
1657 67.3109
1658 67.3109
1659 67.3109
1660 67.3109
1661 67.3109
1662 67.3109
1663 67.3109
1664 67.3109
1665 67.3109
1666 67.3109
1667 67.3109
1668 67.3109
1669 67.3109
1670 67.3109
1671 67.3109
1672 67.3109
1673 67.3109
1674 67.3109
1675 67.3109
1676 67.3109
1677 67.3109
1678 67.3109
1679 67.3109
1680 67.3109
1681 67.3109
1682 67.3109
1683 67.3109
1684 67.3109
1685 67.3109
1686 67.3109
1687 67.3109
1688 67.3109
1689 67.3109
1690 67.3109
1691 67.3109
1692 67.3109
1693 67.3109
1694 67.3109
1695 67.3109
1696 67.3109
1697 67.3109
1698 67.3109
1699 67.3109
1700 67.3109
1701 67.3109
1702 67.3109
1703 67.3109
1704 67.3109
1705 67.3109
1706 67.3109
1707 67.3109
1708 67.3109
1709 67.3109
1710 67.3109
1711 67.3109
1712 67.3109
1713 67.3109
1714 67.3109
1715 67.3109
1716 67.3109
1717 67.3109
1718 67.3109
1719 67.3109
1720 67.3109
1721 67.3109
1722 67.3109
1723 67.3109
1724 67.3109
1725 67.3109
1726 67.3109
1727 67.3109
1728 67.3109
1729 67.3109
1730 67.3109
1731 67.3109
1732 67.3109
1733 67.3109
1734 67.3109
1735 67.3109
1736 67.3109
1737 67.3109
1738 67.3109
1739 67.3109
1740 67.3109
1741 67.3109
1742 67.3109
1743 67.3109
1744 67.3109
1745 67.3109
1746 67.3109
1747 67.3109
1748 67.3109
1749 67.3109
1750 67.3109
1751 67.3109
1752 67.3109
1753 67.3109
1754 67.3109
1755 67.3109
1756 67.3109
1757 67.3109
1758 67.3109
1759 67.3109
1760 67.3109
1761 67.3109
1762 67.3109
1763 67.3109
1764 67.3109
1765 67.3109
1766 67.3109
1767 67.3109
1768 67.3109
1769 67.3109
1770 67.3109
1771 67.3109
1772 67.3109
1773 67.3109
1774 67.3109
1775 67.3109
1776 67.3109
1777 67.3109
1778 67.3109
1779 67.3109
1780 67.3109
1781 67.3109
1782 67.3109
1783 67.3109
1784 67.3109
1785 67.3109
1786 67.3109
1787 67.3109
1788 67.3109
1789 67.3109
1790 67.3109
1791 67.3109
1792 67.3109
1793 67.3109
1794 67.3109
1795 67.3109
1796 67.3109
1797 67.3109
1798 67.3109
1799 67.3109
1800 67.3109
1801 67.3109
1802 67.3109
1803 67.3109
1804 67.3109
1805 67.3109
1806 67.3109
1807 67.3109
1808 67.3109
1809 67.3109
1810 67.3109
1811 67.3109
1812 67.3109
1813 67.3109
1814 67.3109
1815 67.3109
1816 67.3109
1817 67.3109
1818 67.3109
1819 67.3109
1820 67.3109
1821 67.3109
1822 67.3109
1823 67.3109
1824 67.3109
1825 67.3109
1826 67.3109
1827 67.3109
1828 67.3109
1829 67.3109
1830 67.3109
1831 67.3109
1832 67.3109
1833 67.3109
1834 67.3109
1835 67.3109
1836 67.3109
1837 67.3109
1838 67.3109
1839 67.3109
1840 67.3109
1841 67.3109
1842 67.3109
1843 67.3109
1844 67.3109
1845 67.3109
1846 67.3109
1847 67.3109
1848 67.3109
1849 67.3109
1850 67.3109
1851 67.3109
1852 67.3109
1853 67.3109
1854 67.3109
1855 67.3109
1856 67.3109
1857 67.3109
1858 67.3109
1859 67.3109
1860 67.3109
1861 67.3109
1862 67.3109
1863 67.3109
1864 67.3109
1865 67.3109
1866 67.3109
1867 67.3109
1868 67.3109
1869 67.3109
1870 67.3109
1871 67.3109
1872 67.3109
1873 67.3109
1874 67.3109
1875 67.3109
1876 67.3109
1877 67.3109
1878 67.3109
1879 67.3109
1880 67.3109
1881 67.3109
1882 67.3109
1883 67.3109
1884 67.3109
1885 67.3109
1886 67.3109
1887 67.3109
1888 67.3109
1889 67.3109
1890 67.3109
1891 67.3109
1892 67.3109
1893 67.3109
1894 67.3109
1895 67.3109
1896 67.3109
1897 67.3109
1898 67.3109
1899 67.3109
1900 67.3109
1901 67.3109
1902 67.3109
1903 67.3109
1904 67.3109
1905 67.3109
1906 67.3109
1907 67.3109
1908 67.3109
1909 67.3109
1910 67.3109
1911 67.3109
1912 67.3109
1913 67.3109
1914 67.3109
1915 67.3109
1916 67.3109
1917 67.3109
1918 67.3109
1919 67.3109
1920 67.3109
1921 67.3109
1922 67.3109
1923 67.3109
1924 67.3109
1925 67.3109
1926 67.3109
1927 67.3109
1928 67.3109
1929 67.3109
1930 67.3109
1931 67.3109
1932 67.3109
1933 67.3109
1934 67.3109
1935 67.3109
1936 67.3109
1937 67.3109
1938 67.3109
1939 67.3109
1940 67.3109
1941 67.3109
1942 67.3109
1943 67.3109
1944 67.3109
1945 67.3109
1946 67.3109
1947 67.3109
1948 67.3109
1949 67.3109
1950 67.3109
1951 67.3109
1952 67.3109
1953 67.3109
1954 67.3109
1955 67.3109
1956 67.3109
1957 67.3109
1958 67.3109
1959 67.3109
1960 67.3109
1961 67.3109
1962 67.3109
1963 67.3109
1964 67.3109
1965 67.3109
1966 67.2408
1967 67.2408
1968 67.2408
1969 67.2408
1970 67.2408
1971 67.2408
1972 67.2408
1973 67.2408
1974 67.2408
1975 67.2408
1976 67.2408
1977 67.2408
1978 67.2408
1979 67.2408
1980 67.2408
1981 67.2408
1982 67.2408
1983 67.2408
1984 67.2408
1985 67.2408
1986 67.2408
1987 67.2408
1988 67.2408
1989 67.2408
1990 67.2408
1991 67.2408
1992 67.2408
1993 67.2408
1994 67.2408
1995 67.2408
1996 67.2408
1997 67.2408
1998 67.2408
1999 67.2408
