0 417.966
1 401.693
2 388.752
3 387.747
4 375.989
5 369.342
6 365.818
7 360.982
8 351.351
9 348.704
10 341.516
11 339.326
12 330.532
13 327.855
14 324.243
15 316.511
16 308.085
17 303.443
18 300.332
19 297.594
20 290.755
21 286.282
22 286.039
23 278.268
24 274.501
25 270.599
26 263.206
27 258.115
28 255.842
29 251.438
30 245.622
31 244.824
32 239.752
33 239.752
34 236.182
35 232.507
36 228.128
37 222.432
38 219.967
39 213.733
40 213.474
41 209.953
42 205.363
43 203.345
44 198.053
45 197.063
46 195.27
47 191.207
48 189.964
49 187.324
50 184.375
51 184.375
52 182.083
53 181.763
54 180.583
55 179.31
56 175.839
57 173.258
58 173.258
59 172.486
60 172.486
61 168.102
62 168.102
63 167.722
64 165.587
65 163.729
66 163.729
67 163.729
68 163.013
69 161.951
70 160.323
71 158.613
72 157.425
73 157.137
74 155.714
75 155.247
76 153.532
77 153.114
78 152.195
79 151.476
80 150.506
81 148.03
82 147.738
83 142.178
84 142.158
85 141.188
86 141.188
87 140.746
88 140.484
89 139.514
90 138.813
91 138.063
92 137.358
93 136.163
94 135.121
95 133.091
96 131.669
97 131.178
98 130.493
99 129.973
100 128.988
101 128.609
102 128.303
103 127.442
104 126.75
105 126.137
106 125.665
107 124.962
108 124.429
109 124.285
110 123.884
111 123.641
112 123.329
113 122.66
114 122.453
115 121.259
116 121.114
117 118.749
118 117.883
119 117.747
120 117.227
121 116.37
122 116.29
123 116.202
124 115.538
125 114.159
126 114.026
127 113.636
128 113.636
129 113.499
130 113.499
131 111.846
132 111.846
133 110.839
134 110.702
135 110.683
136 109.539
137 108.671
138 107.704
139 107.687
140 106.56
141 106.137
142 106
143 106
144 105.711
145 105.653
146 105.575
147 104.175
148 104.175
149 103.797
150 103.446
151 103.068
152 102.16
153 101.755
154 100.847
155 100.667
156 99.3542
157 98.8658
158 97.9119
159 97.4235
160 97.4235
161 97.4235
162 97.4204
163 97.1698
164 96.6553
165 96.4016
166 96.4016
167 96.4016
168 95.6278
169 95.6278
170 95.4735
171 95.2337
172 95.2337
173 95.2337
174 94.723
175 94.723
176 93.7666
177 93.1375
178 93.113
179 92.5227
180 92.2597
181 92.1017
182 92.1017
183 92.1017
184 92.1017
185 92.1017
186 92.1017
187 92.1017
188 91.4853
189 91.4853
190 91.4853
191 91.4853
192 91.4853
193 91.4729
194 91.1443
195 91.1443
196 90.6019
197 90.3651
198 89.808
199 89.2657
200 89.2657
201 88.7434
202 88.7434
203 88.7434
204 87.9987
205 87.9987
206 87.7272
207 87.7272
208 87.6151
209 87.3411
210 87.3411
211 87.3411
212 87.3411
213 87.3411
214 87.3387
215 87.2832
216 86.7179
217 86.66
218 86.6575
219 86.6575
220 86.6575
221 86.6575
222 86.6575
223 86.4322
224 86.037
225 85.42
226 85.3645
227 85.0248
228 85.0248
229 85.0248
230 84.4093
231 84.391
232 83.7755
233 83.7755
234 83.7755
235 83.7755
236 83.5158
237 83.5158
238 83.5158
239 83.3511
240 83.0914
241 83.0914
242 82.1492
243 82.0867
244 82.0867
245 82.0537
246 82.0107
247 81.8032
248 81.7767
249 81.517
250 81.2665
251 81.2665
252 81.2665
253 81.2665
254 81.2665
255 81.0452
256 81.0452
257 81.0452
258 80.7817
259 80.7817
260 80.6803
261 80.5812
262 80.4798
263 80.4798
264 80.4463
265 80.4463
266 80.0679
267 80.0679
268 79.7024
269 79.7024
270 79.7024
271 79.7024
272 79.7024
273 79.7024
274 79.4598
275 79.4598
276 79.4598
277 79.2232
278 79.2232
279 79.2232
280 79.2232
281 79.2232
282 79.2232
283 79.1897
284 79.1897
285 79.1897
286 79.1897
287 79.1897
288 79.0773
289 79.0225
290 78.9494
291 78.1348
292 78.1348
293 78.0069
294 77.8944
295 77.8944
296 77.8944
297 77.8944
298 77.8944
299 77.8944
300 77.8944
301 77.8944
302 77.5338
303 77.5338
304 77.5338
305 77.5338
306 77.5338
307 77.5338
308 77.5338
309 77.5338
310 77.5338
311 77.5338
312 77.29
313 77.29
314 77.052
315 77.052
316 77.0039
317 77.0039
318 77.0039
319 77.0039
320 77.0039
321 76.7488
322 76.7488
323 76.7488
324 76.7488
325 76.7307
326 76.7307
327 76.7127
328 76.2965
329 76.2965
330 76.2965
331 76.2965
332 76.2785
333 76.2434
334 76.1353
335 75.8916
336 75.8916
337 75.7304
338 75.7304
339 75.6115
340 75.6115
341 75.6115
342 75.6115
343 75.6115
344 75.5285
345 75.5285
346 75.5285
347 75.4096
348 75.4096
349 75.2885
350 75.0751
351 75.0751
352 74.966
353 74.9562
354 74.8472
355 74.8472
356 74.8472
357 74.8472
358 74.8472
359 74.8472
360 74.8472
361 74.5366
362 74.5366
363 74.5366
364 74.5366
365 74.5366
366 74.5136
367 74.5136
368 74.3773
369 74.3773
370 74.3773
371 74.3773
372 74.3773
373 74.3773
374 74.3773
375 74.3773
376 74.3773
377 73.6178
378 73.6178
379 73.6178
380 73.6178
381 73.6178
382 73.6178
383 73.6178
384 73.4653
385 73.4653
386 73.4653
387 73.2398
388 73.2398
389 73.2398
390 73.1867
391 73.1867
392 73.1867
393 73.0313
394 72.9982
395 72.9451
396 72.9451
397 72.9451
398 72.9451
399 72.9451
400 72.9451
401 72.8932
402 72.8932
403 72.8932
404 72.8932
405 72.8493
406 72.7914
407 72.6446
408 72.5928
409 72.5928
410 72.5928
411 72.5354
412 72.5354
413 72.5354
414 72.5354
415 72.5354
416 72.5354
417 72.4306
418 72.4306
419 71.8649
420 71.8649
421 71.8649
422 71.8649
423 71.8649
424 71.8649
425 71.8649
426 71.4395
427 71.4395
428 71.4395
429 71.2953
430 71.2953
431 71.2953
432 70.8445
433 70.8445
434 70.8445
435 70.8445
436 70.8445
437 70.8445
438 70.8445
439 70.4528
440 70.4528
441 70.4528
442 70.4528
443 70.4528
444 70.4528
445 70.4528
446 70.4528
447 70.4528
448 70.4528
449 70.4528
450 70.4528
451 70.4528
452 70.4528
453 70.4528
454 70.4528
455 70.4528
456 70.4528
457 70.4528
458 70.4528
459 70.4528
460 70.4528
461 70.4528
462 70.3358
463 70.3358
464 70.3358
465 70.3358
466 70.3358
467 70.3358
468 70.3358
469 70.3358
470 70.3358
471 70.3358
472 70.3358
473 70.3358
474 70.3358
475 70.3358
476 70.3358
477 70.3358
478 70.3358
479 70.3358
480 70.3358
481 70.3358
482 70.3358
483 70.3358
484 70.3358
485 70.3358
486 70.3358
487 70.3358
488 70.3358
489 70.3358
490 70.3358
491 70.3358
492 70.3358
493 70.3358
494 70.3358
495 70.3358
496 70.3358
497 70.3358
498 70.3358
499 70.3358
500 70.3358
501 70.3358
502 70.3358
503 70.3358
504 70.3253
505 70.3253
506 70.3253
507 70.3253
508 70.3253
509 70.3253
510 70.3253
511 69.8073
512 69.8073
513 69.8073
514 69.8073
515 69.8073
516 69.8073
517 69.8073
518 69.8073
519 69.8073
520 69.8073
521 69.8073
522 69.8073
523 69.8073
524 69.8073
525 69.8073
526 69.8073
527 69.8073
528 69.8073
529 69.8073
530 69.8073
531 69.8073
532 69.8073
533 69.8073
534 69.8073
535 69.8073
536 69.8073
537 69.8073
538 69.8073
539 69.8073
540 69.8073
541 69.8073
542 69.8073
543 69.8073
544 69.8073
545 69.8073
546 69.8073
547 69.8073
548 69.8073
549 69.8073
550 69.8073
551 69.8073
552 69.8073
553 69.8073
554 69.8073
555 69.8073
556 69.8073
557 69.8073
558 69.8073
559 69.8073
560 69.8073
561 69.8073
562 69.8073
563 69.8073
564 69.8073
565 69.8073
566 69.8073
567 69.8073
568 69.8073
569 69.8073
570 69.8073
571 69.8073
572 69.8073
573 69.8073
574 69.8073
575 69.8073
576 69.8073
577 69.8073
578 69.8073
579 69.8073
580 69.8073
581 69.8073
582 69.8073
583 69.8073
584 69.8073
585 69.8073
586 69.8073
587 69.8073
588 69.8073
589 69.8073
590 69.8073
591 69.8073
592 69.8073
593 69.8073
594 69.8073
595 69.8073
596 69.8073
597 69.8073
598 69.8073
599 69.8073
600 69.8073
601 69.8073
602 69.8073
603 69.8073
604 69.8073
605 69.8073
606 69.8073
607 69.8073
608 69.8073
609 69.8073
610 69.8073
611 69.8073
612 69.8073
613 69.8073
614 69.8073
615 69.8073
616 69.8073
617 69.8073
618 69.8073
619 69.8073
620 69.8073
621 69.8073
622 69.8073
623 69.8073
624 69.8073
625 69.8073
626 69.8073
627 69.8073
628 69.8073
629 69.8073
630 69.8073
631 69.8073
632 69.8073
633 69.8073
634 69.8073
635 69.8073
636 69.8073
637 69.8073
638 69.8073
639 69.8073
640 69.8073
641 69.8073
642 69.8073
643 69.8073
644 69.8073
645 69.8073
646 69.8073
647 69.8073
648 69.8073
649 69.8073
650 69.8073
651 69.8073
652 69.8073
653 69.8073
654 69.8073
655 69.8073
656 69.8073
657 69.8073
658 69.8073
659 69.8073
660 69.8073
661 69.8073
662 69.8073
663 69.8073
664 69.8073
665 69.8073
666 69.8073
667 69.8073
668 69.8073
669 69.8073
670 69.8073
671 69.8073
672 69.8073
673 69.8073
674 69.8073
675 69.8073
676 69.8073
677 69.8073
678 69.8073
679 69.8073
680 69.8073
681 69.8073
682 69.8073
683 69.8073
684 69.8073
685 69.8073
686 69.8073
687 69.8073
688 69.8073
689 69.8073
690 69.8073
691 69.8073
692 69.7563
693 69.7563
694 69.5849
695 69.5849
696 69.5849
697 69.5849
698 69.5849
699 69.5849
700 69.5849
701 69.5849
702 69.5849
703 69.5849
704 69.5849
705 69.5849
706 69.5849
707 69.5849
708 69.5849
709 69.5849
710 69.5849
711 69.5849
712 69.5849
713 69.5849
714 69.5849
715 69.5849
716 69.5849
717 69.5849
718 69.5849
719 69.5849
720 69.5849
721 69.5849
722 69.5849
723 69.5849
724 69.5849
725 69.5849
726 69.5849
727 69.5849
728 69.5849
729 69.5849
730 69.5849
731 69.5849
732 69.5849
733 69.5849
734 69.5849
735 69.5849
736 69.5849
737 69.5849
738 69.5849
739 69.5849
740 69.5849
741 69.5849
742 69.5849
743 69.5849
744 69.5849
745 69.5849
746 69.5849
747 69.5849
748 69.5849
749 69.5849
750 69.5849
751 69.5849
752 69.5849
753 69.5849
754 69.5849
755 69.5849
756 69.5849
757 69.4514
758 69.4514
759 69.2426
760 69.2426
761 69.2426
762 69.2426
763 69.2426
764 69.2426
765 69.2426
766 69.2426
767 69.2426
768 69.2426
769 69.2426
770 69.2426
771 69.2426
772 69.2426
773 69.2426
774 69.2426
775 69.2426
776 69.2426
777 69.2426
778 69.2426
779 69.2426
780 69.2426
781 69.2426
782 69.2426
783 69.2426
784 69.2426
785 69.2426
786 69.2426
787 69.2426
788 69.2426
789 69.2426
790 69.2426
791 69.2426
792 69.2426
793 69.2426
794 69.2426
795 69.2426
796 69.2426
797 69.2426
798 69.2426
799 69.2426
800 69.2426
801 69.2426
802 69.2426
803 69.2426
804 69.2426
805 69.2426
806 69.2426
807 69.2426
808 69.2426
809 69.2426
810 69.2426
811 69.2426
812 69.2426
813 69.2426
814 69.2426
815 69.2426
816 69.2426
817 69.2426
818 69.2426
819 69.2426
820 69.2426
821 69.2426
822 69.2426
823 69.2426
824 69.2426
825 69.2426
826 69.2426
827 69.2426
828 69.2426
829 69.2426
830 69.2426
831 69.2426
832 69.2426
833 69.2426
834 69.2426
835 69.2426
836 69.2426
837 69.2426
838 69.2426
839 69.2426
840 69.2426
841 69.2426
842 69.2426
843 69.2426
844 69.2426
845 69.2426
846 69.2426
847 69.2426
848 69.2426
849 69.2426
850 69.2426
851 69.2426
852 69.2426
853 69.2426
854 69.2426
855 69.2426
856 69.2426
857 69.2426
858 69.2426
859 69.2426
860 69.2426
861 69.2426
862 69.2426
863 69.2426
864 69.2426
865 69.2426
866 69.2426
867 69.2426
868 69.2426
869 69.2426
870 69.2426
871 69.2426
872 69.2426
873 69.2426
874 69.2426
875 69.2426
876 69.2426
877 69.2426
878 69.2426
879 69.2426
880 69.2426
881 69.2426
882 69.2426
883 69.2426
884 69.2426
885 69.2426
886 69.2426
887 69.2426
888 69.2426
889 69.2426
890 69.2426
891 69.2426
892 69.2426
893 69.2426
894 69.2426
895 69.2426
896 69.2426
897 69.2426
898 69.2426
899 69.2426
900 69.2426
901 69.2426
902 69.2426
903 69.2426
904 69.2426
905 69.2426
906 69.2426
907 69.2426
908 69.2426
909 69.2426
910 69.2426
911 69.2426
912 69.2426
913 69.2426
914 69.2426
915 69.2426
916 69.2426
917 69.2426
918 69.2426
919 69.2426
920 69.2426
921 69.2426
922 69.2426
923 69.2426
924 69.2426
925 69.2426
926 69.2426
927 69.2426
928 69.2426
929 69.2426
930 69.2426
931 69.2426
932 69.2426
933 69.2426
934 69.2426
935 69.2426
936 69.2426
937 69.2426
938 69.2426
939 69.2426
940 69.2426
941 69.2426
942 69.2426
943 69.2426
944 69.2426
945 69.2426
946 69.2426
947 69.2426
948 69.2426
949 69.2426
950 69.2426
951 69.2426
952 69.2426
953 69.2426
954 69.2426
955 69.2426
956 69.2426
957 69.2426
958 69.2426
959 69.2426
960 69.2426
961 69.2426
962 69.2426
963 69.2426
964 69.2426
965 69.2426
966 69.2426
967 69.2426
968 69.2426
969 69.2426
970 69.2426
971 69.2426
972 69.2426
973 69.2426
974 69.2426
975 69.2426
976 69.2426
977 69.2426
978 69.2426
979 69.2426
980 69.2426
981 69.2426
982 69.2426
983 69.2426
984 69.2426
985 69.2426
986 69.2426
987 69.2426
988 69.2426
989 69.2426
990 69.2426
991 69.2426
992 69.2426
993 69.2426
994 69.2426
995 69.2426
996 69.2426
997 69.2426
998 69.2426
999 69.2426
1000 69.2426
1001 69.2426
1002 69.2426
1003 69.2426
1004 69.2426
1005 69.2426
1006 69.2426
1007 69.2426
1008 69.2426
1009 69.2426
1010 69.2426
1011 69.2426
1012 69.2426
1013 69.2426
1014 69.2426
1015 69.2426
1016 69.2426
1017 69.2426
1018 69.2426
1019 69.2426
1020 69.2426
1021 69.2426
1022 69.2426
1023 69.2426
1024 69.2426
1025 69.2426
1026 69.2426
1027 69.2426
1028 69.2426
1029 69.2426
1030 69.2426
1031 69.2426
1032 69.2426
1033 69.2426
1034 69.2426
1035 69.2426
1036 69.2426
1037 69.2426
1038 69.2426
1039 69.2426
1040 69.2426
1041 69.2426
1042 69.2426
1043 69.2426
1044 69.2426
1045 69.2426
1046 69.2426
1047 69.2426
1048 69.2426
1049 69.2426
1050 69.2426
1051 69.2426
1052 69.2426
1053 69.2426
1054 69.2426
1055 69.2426
1056 69.2426
1057 69.2426
1058 69.2426
1059 69.2426
1060 69.2426
1061 69.2426
1062 69.2426
1063 69.2426
1064 69.2426
1065 69.2426
1066 69.2426
1067 69.1663
1068 69.1663
1069 69.1663
1070 69.1663
1071 69.1663
1072 69.1663
1073 69.1663
1074 69.1663
1075 69.1663
1076 69.1663
1077 69.1663
1078 69.1663
1079 69.1663
1080 69.1663
1081 69.1663
1082 69.1663
1083 68.9898
1084 68.9898
1085 68.9898
1086 68.9898
1087 68.9898
1088 68.9898
1089 68.9898
1090 68.9898
1091 68.9898
1092 68.9898
1093 68.9898
1094 68.9898
1095 68.9898
1096 68.9898
1097 68.9898
1098 68.9898
1099 68.9898
1100 68.9898
1101 68.9898
1102 68.9898
1103 68.9898
1104 68.9898
1105 68.9898
1106 68.9898
1107 68.9898
1108 68.9898
1109 68.9898
1110 68.9898
1111 68.9898
1112 68.9898
1113 68.9898
1114 68.9898
1115 68.9898
1116 68.9898
1117 68.9898
1118 68.9898
1119 68.9898
1120 68.9898
1121 68.9898
1122 68.9898
1123 68.9898
1124 68.9898
1125 68.9898
1126 68.9898
1127 68.9898
1128 68.9898
1129 68.9898
1130 68.9898
1131 68.9898
1132 68.9898
1133 68.9898
1134 68.9898
1135 68.9898
1136 68.9898
1137 68.9898
1138 68.9898
1139 68.9898
1140 68.9898
1141 68.9898
1142 68.9898
1143 68.9898
1144 68.9898
1145 68.9898
1146 68.9898
1147 68.9898
1148 68.9898
1149 68.9898
1150 68.9898
1151 68.9898
1152 68.9898
1153 68.9898
1154 68.9898
1155 68.9898
1156 68.9898
1157 68.9898
1158 68.9898
1159 68.9898
1160 68.9898
1161 68.9898
1162 68.9898
1163 68.9898
1164 68.9898
1165 68.9898
1166 68.9898
1167 68.9898
1168 68.9898
1169 68.9898
1170 68.9898
1171 68.9898
1172 68.9898
1173 68.9898
1174 68.9898
1175 68.9898
1176 68.9898
1177 68.9898
1178 68.9898
1179 68.9898
1180 68.9898
1181 68.9898
1182 68.9898
1183 68.9898
1184 68.9898
1185 68.9898
1186 68.9898
1187 68.9898
1188 68.9898
1189 68.9898
1190 68.9898
1191 68.9898
1192 68.9898
1193 68.9898
1194 68.9898
1195 68.9898
1196 68.9898
1197 68.9898
1198 68.9898
1199 68.9898
1200 68.9898
1201 68.9898
1202 68.9898
1203 68.9898
1204 68.9898
1205 68.9898
1206 68.9898
1207 68.9898
1208 68.9898
1209 68.9898
1210 68.9898
1211 68.9898
1212 68.9898
1213 68.9898
1214 68.9898
1215 68.9898
1216 68.9898
1217 68.9898
1218 68.9898
1219 68.9898
1220 68.9898
1221 68.9898
1222 68.9898
1223 68.9898
1224 68.9898
1225 68.9898
1226 68.9898
1227 68.9898
1228 68.9898
1229 68.9898
1230 68.9898
1231 68.9898
1232 68.9898
1233 68.9898
1234 68.9898
1235 68.9898
1236 68.9898
1237 68.9898
1238 68.9898
1239 68.9898
1240 68.9898
1241 68.9898
1242 68.9898
1243 68.9898
1244 68.9898
1245 68.9898
1246 68.9898
1247 68.9898
1248 68.9898
1249 68.9898
1250 68.9898
1251 68.9898
1252 68.9898
1253 68.9898
1254 68.9898
1255 68.9898
1256 68.9898
1257 68.9898
1258 68.9898
1259 68.9898
1260 68.9898
1261 68.9898
1262 68.9898
1263 68.9898
1264 68.9898
1265 68.9898
1266 68.9898
1267 68.9898
1268 68.9898
1269 68.9898
1270 68.9898
1271 68.9898
1272 68.9898
1273 68.9898
1274 68.9898
1275 68.9898
1276 68.9898
1277 68.9898
1278 68.9898
1279 68.9898
1280 68.9898
1281 68.9898
1282 68.9898
1283 68.9898
1284 68.9898
1285 68.9898
1286 68.9898
1287 68.9898
1288 68.9898
1289 68.9898
1290 68.9898
1291 68.9898
1292 68.9898
1293 68.9898
1294 68.9898
1295 68.9898
1296 68.9898
1297 68.9898
1298 68.9898
1299 68.9898
1300 68.9898
1301 68.9898
1302 68.9898
1303 68.9898
1304 68.9898
1305 68.9898
1306 68.9898
1307 68.9898
1308 68.9898
1309 68.9898
1310 68.9898
1311 68.9898
1312 68.9898
1313 68.9898
1314 68.9898
1315 68.9898
1316 68.9898
1317 68.9898
1318 68.9898
1319 68.9898
1320 68.9898
1321 68.9898
1322 68.9898
1323 68.9898
1324 68.9898
1325 68.9898
1326 68.9898
1327 68.9898
1328 68.9898
1329 68.9898
1330 68.9898
1331 68.9898
1332 68.9898
1333 68.9898
1334 68.9898
1335 68.9898
1336 68.9898
1337 68.9898
1338 68.9898
1339 68.9898
1340 68.7808
1341 68.7808
1342 68.7808
1343 68.6672
1344 68.6672
1345 68.6672
1346 68.6672
1347 68.6672
1348 68.6672
1349 68.6672
1350 68.6672
1351 68.6672
1352 68.6672
1353 68.6672
1354 68.6672
1355 68.6672
1356 68.6672
1357 68.6672
1358 68.6672
1359 68.6672
1360 68.6672
1361 68.6672
1362 68.6672
1363 68.6672
1364 68.6672
1365 68.6672
1366 68.6672
1367 68.6672
1368 68.6672
1369 68.6672
1370 68.6672
1371 68.6672
1372 68.6672
1373 68.6672
1374 68.6672
1375 68.6672
1376 68.6672
1377 68.6672
1378 68.6672
1379 68.6672
1380 68.6672
1381 68.6672
1382 68.6672
1383 68.6672
1384 68.6672
1385 68.6672
1386 68.6672
1387 68.6672
1388 68.6672
1389 68.6672
1390 68.6672
1391 68.6672
1392 68.6672
1393 68.6672
1394 68.6672
1395 68.6672
1396 68.6672
1397 68.6672
1398 68.6672
1399 68.6672
1400 68.6672
1401 68.6672
1402 68.6672
1403 68.6672
1404 68.6672
1405 68.6672
1406 68.6672
1407 68.6672
1408 68.6672
1409 68.6672
1410 68.6672
1411 68.6672
1412 68.6672
1413 68.6672
1414 68.6672
1415 68.6672
1416 68.6672
1417 68.6672
1418 68.6672
1419 68.6672
1420 68.6672
1421 68.6672
1422 68.6672
1423 68.6672
1424 68.6672
1425 68.6672
1426 68.6672
1427 68.6672
1428 68.6672
1429 68.6672
1430 68.6672
1431 68.6672
1432 68.6672
1433 68.6672
1434 68.6672
1435 68.6672
1436 68.6672
1437 68.6672
1438 68.6672
1439 68.6672
1440 68.6672
1441 68.6672
1442 68.6672
1443 68.6672
1444 68.6672
1445 68.6672
1446 68.6672
1447 68.6672
1448 68.6672
1449 68.6672
1450 68.6672
1451 68.6672
1452 68.6672
1453 68.6672
1454 68.6672
1455 68.6672
1456 68.6672
1457 68.6672
1458 68.6672
1459 68.6672
1460 68.6672
1461 68.6672
1462 68.6672
1463 68.6672
1464 68.6672
1465 68.6672
1466 68.6672
1467 68.6672
1468 68.6672
1469 68.6672
1470 68.6672
1471 68.6672
1472 68.6672
1473 68.6672
1474 68.6672
1475 68.6672
1476 68.6672
1477 68.6672
1478 68.6672
1479 68.6672
1480 68.6672
1481 68.6672
1482 68.6672
1483 68.6672
1484 68.6672
1485 68.6672
1486 68.6672
1487 68.6672
1488 68.6672
1489 68.6672
1490 68.6672
1491 68.6672
1492 68.6672
1493 68.6672
1494 68.6672
1495 68.6672
1496 68.6672
1497 68.6672
1498 68.6672
1499 68.6672
1500 68.6672
1501 68.6672
1502 68.6672
1503 68.6672
1504 68.6672
1505 68.6672
1506 68.6672
1507 68.6672
1508 68.6672
1509 68.6672
1510 68.6672
1511 68.6672
1512 68.6672
1513 68.6672
1514 68.6672
1515 68.6672
1516 68.6672
1517 68.6672
1518 68.6672
1519 68.6672
1520 68.6672
1521 68.6672
1522 68.6672
1523 68.6672
1524 68.6672
1525 68.6672
1526 68.6672
1527 68.6672
1528 68.6672
1529 68.6672
1530 68.6672
1531 68.6672
1532 68.6672
1533 68.6672
1534 68.6672
1535 68.6672
1536 68.6672
1537 68.6672
1538 68.6672
1539 68.6672
1540 68.6672
1541 68.6672
1542 68.6672
1543 68.6672
1544 68.6672
1545 68.6672
1546 68.6672
1547 68.6672
1548 68.6672
1549 68.6672
1550 68.6672
1551 68.6672
1552 68.6672
1553 68.6672
1554 68.6672
1555 68.6672
1556 68.6672
1557 68.6672
1558 68.6672
1559 68.6672
1560 68.6672
1561 68.6672
1562 68.6672
1563 68.6672
1564 68.6672
1565 68.6672
1566 68.6672
1567 68.6672
1568 68.6672
1569 68.6672
1570 68.6672
1571 68.6672
1572 68.6672
1573 68.6672
1574 68.6672
1575 68.6672
1576 68.6672
1577 68.6672
1578 68.6672
1579 68.6672
1580 68.6672
1581 68.6672
1582 68.6672
1583 68.6672
1584 68.6672
1585 68.6672
1586 68.6672
1587 68.1789
1588 68.1789
1589 68.1789
1590 68.1789
1591 68.1789
1592 68.1789
1593 68.1789
1594 68.1789
1595 68.1789
1596 68.1789
1597 68.1789
1598 68.1789
1599 68.1789
1600 68.1789
1601 68.1789
1602 68.1789
1603 68.1789
1604 68.1789
1605 68.1789
1606 68.1789
1607 68.1789
1608 68.1789
1609 68.1789
1610 68.1789
1611 68.1789
1612 68.1789
1613 68.1789
1614 68.1789
1615 68.1789
1616 68.1789
1617 68.1789
1618 68.1789
1619 68.1789
1620 68.1789
1621 68.1789
1622 68.1789
1623 68.1789
1624 68.1789
1625 68.1789
1626 68.1789
1627 68.1789
1628 68.1789
1629 68.1789
1630 68.1789
1631 68.1789
1632 68.1789
1633 68.1789
1634 68.1789
1635 68.1789
1636 68.1789
1637 68.1789
1638 68.1789
1639 68.1789
1640 68.1789
1641 68.1789
1642 68.1789
1643 68.1789
1644 68.1789
1645 68.1789
1646 68.1789
1647 68.1789
1648 68.1789
1649 68.1789
1650 68.1789
1651 68.1789
1652 68.1789
1653 68.1789
1654 68.1789
1655 68.1789
1656 68.1789
1657 68.1789
1658 68.1789
1659 68.1789
1660 68.1789
1661 68.1789
1662 68.1789
1663 68.1789
1664 68.1789
1665 68.1789
1666 68.1789
1667 68.1789
1668 68.1789
1669 68.1789
1670 68.1789
1671 68.1789
1672 68.1789
1673 68.1789
1674 68.1789
1675 68.1789
1676 68.1789
1677 68.1789
1678 68.1789
1679 68.1789
1680 68.1789
1681 68.1789
1682 68.1789
1683 68.1789
1684 68.1789
1685 68.1789
1686 68.1789
1687 68.1789
1688 68.1789
1689 68.1789
1690 68.1789
1691 68.1789
1692 68.1789
1693 68.1789
1694 68.1789
1695 68.1789
1696 68.1789
1697 68.1789
1698 68.1789
1699 68.1789
1700 68.1789
1701 68.1789
1702 68.1789
1703 68.1789
1704 68.1789
1705 68.1789
1706 68.1789
1707 68.1789
1708 68.1789
1709 68.1789
1710 68.1789
1711 68.1789
1712 68.1789
1713 68.1789
1714 68.1789
1715 68.1789
1716 68.1789
1717 68.1789
1718 68.1789
1719 68.1789
1720 68.1789
1721 68.1789
1722 68.1789
1723 68.1789
1724 68.1789
1725 68.1789
1726 68.1789
1727 68.1789
1728 68.1789
1729 68.1789
1730 68.1789
1731 68.1789
1732 68.1789
1733 68.1789
1734 68.1789
1735 68.1789
1736 68.1789
1737 68.1789
1738 68.1789
1739 68.1789
1740 68.1789
1741 68.1789
1742 68.1789
1743 68.1789
1744 68.1789
1745 68.1789
1746 68.1789
1747 68.1789
1748 68.1789
1749 68.1789
1750 68.1789
1751 68.1789
1752 68.1789
1753 68.1789
1754 68.1789
1755 68.1789
1756 68.1789
1757 68.1789
1758 68.1789
1759 68.1789
1760 68.1789
1761 68.1789
1762 68.1789
1763 68.1789
1764 68.1789
1765 68.1789
1766 68.1789
1767 68.1789
1768 68.1789
1769 68.1789
1770 68.1789
1771 68.1789
1772 68.1789
1773 68.1789
1774 68.1789
1775 68.1789
1776 68.1789
1777 68.1789
1778 68.1789
1779 68.1789
1780 68.1789
1781 68.1789
1782 68.1789
1783 68.1789
1784 68.1789
1785 68.1789
1786 68.1789
1787 68.1789
1788 68.1789
1789 68.1789
1790 68.1789
1791 68.1789
1792 68.1789
1793 68.1789
1794 68.1789
1795 68.1789
1796 68.1789
1797 68.1789
1798 68.1789
1799 68.1789
1800 68.1789
1801 68.1789
1802 68.1789
1803 68.1789
1804 68.1789
1805 68.1789
1806 68.1789
1807 68.1789
1808 68.1789
1809 68.1789
1810 68.1789
1811 68.1789
1812 68.1789
1813 68.1789
1814 68.1789
1815 68.1789
1816 68.1789
1817 68.1789
1818 68.1789
1819 68.1789
1820 68.1789
1821 68.1789
1822 68.1789
1823 68.1789
1824 68.1789
1825 68.1789
1826 68.1789
1827 68.1789
1828 68.1789
1829 68.1789
1830 68.1789
1831 68.1789
1832 68.1789
1833 68.1789
1834 68.1789
1835 68.1789
1836 68.1789
1837 68.1789
1838 68.1789
1839 68.1789
1840 68.1789
1841 68.1789
1842 68.1789
1843 68.1789
1844 68.1789
1845 68.1789
1846 68.1789
1847 68.1789
1848 68.1789
1849 68.1789
1850 68.1789
1851 68.1789
1852 68.1789
1853 68.1789
1854 68.1789
1855 68.1789
1856 68.1789
1857 68.1789
1858 68.1789
1859 68.1789
1860 68.1789
1861 68.1789
1862 68.1789
1863 68.1789
1864 68.1789
1865 68.1789
1866 68.1789
1867 68.1789
1868 68.1789
1869 68.1789
1870 68.1789
1871 68.1789
1872 68.1789
1873 68.1789
1874 68.1789
1875 68.1789
1876 68.1789
1877 68.1789
1878 68.1789
1879 68.1789
1880 68.1789
1881 68.1789
1882 68.1789
1883 68.1789
1884 68.1789
1885 68.1789
1886 68.1789
1887 68.1789
1888 68.1789
1889 68.1789
1890 68.1789
1891 68.1789
1892 68.1789
1893 68.1789
1894 68.1789
1895 68.1789
1896 68.1789
1897 68.1789
1898 68.1789
1899 68.1789
1900 68.1789
1901 68.1789
1902 68.1789
1903 68.1789
1904 68.1789
1905 68.1789
1906 68.1789
1907 68.1789
1908 68.1789
1909 68.1789
1910 68.1789
1911 68.1789
1912 68.1789
1913 68.1789
1914 68.1789
1915 68.1789
1916 68.1789
1917 68.1789
1918 68.1789
1919 68.1789
1920 68.1789
1921 68.1789
1922 68.1789
1923 68.1789
1924 68.1789
1925 68.1789
1926 68.1789
1927 68.1789
1928 68.1789
1929 68.1789
1930 68.1789
1931 68.1789
1932 68.1789
1933 68.1789
1934 68.1789
1935 68.1789
1936 68.1789
1937 68.1789
1938 68.1789
1939 68.1789
1940 68.1789
1941 68.1789
1942 68.1789
1943 68.1789
1944 68.1789
1945 68.1789
1946 68.1789
1947 68.1789
1948 68.1789
1949 68.1789
1950 68.1789
1951 68.1789
1952 68.1789
1953 68.1789
1954 68.1789
1955 68.1789
1956 68.1789
1957 68.1789
1958 68.1789
1959 68.1789
1960 68.1789
1961 68.1789
1962 68.1789
1963 68.1789
1964 68.1789
1965 68.1789
1966 68.1789
1967 68.1789
1968 68.1789
1969 68.1789
1970 68.1789
1971 68.1789
1972 68.1789
1973 68.1789
1974 68.1789
1975 68.1789
1976 68.1789
1977 68.1789
1978 68.1789
1979 68.1789
1980 68.1789
1981 68.1789
1982 68.1789
1983 68.1789
1984 68.1789
1985 68.1789
1986 68.1789
1987 68.1789
1988 68.1789
1989 68.1789
1990 68.1789
1991 68.1789
1992 68.1789
1993 68.1789
1994 68.1789
1995 68.1789
1996 68.1789
1997 68.1789
1998 68.1789
1999 68.1789
