0 416.086
1 411.599
2 406.576
3 395.512
4 385.937
5 382.511
6 376.21
7 371.761
8 365.934
9 353.351
10 347.505
11 339.92
12 333.276
13 332.302
14 327.265
15 313.762
16 313.445
17 310.738
18 306.892
19 301.349
20 298.323
21 296.404
22 294.075
23 284.179
24 280.793
25 279.862
26 277.649
27 271.159
28 269.545
29 268.099
30 266.532
31 260.545
32 258.039
33 251.949
34 249.892
35 247.326
36 243.958
37 242.527
38 237.947
39 236.37
40 235.173
41 230.342
42 228.672
43 227.317
44 223.057
45 222.421
46 219.197
47 217.652
48 216.298
49 214.553
50 213.324
51 211.275
52 206.498
53 206.498
54 202.517
55 200.868
56 198.957
57 195.712
58 194.278
59 194.278
60 192.595
61 192.226
62 190.886
63 190.235
64 187.328
65 183.589
66 182.569
67 181.017
68 180.419
69 180.419
70 177.079
71 175.851
72 175.851
73 174.969
74 173.808
75 173.47
76 170.224
77 168.016
78 166.56
79 166.213
80 164.705
81 163.14
82 161.285
83 161.285
84 160.366
85 158.13
86 157.666
87 154.511
88 153.619
89 151.617
90 150.84
91 145.407
92 142.989
93 142.989
94 142.989
95 142.942
96 142.62
97 141.122
98 141.015
99 139.027
100 137.593
101 136.55
102 136.346
103 133.659
104 133.659
105 133.659
106 132.343
107 132.152
108 130.948
109 129.736
110 129.736
111 128.033
112 122.839
113 122.839
114 122.839
115 122.744
116 122.036
117 121.573
118 121.573
119 120.464
120 120.464
121 119.661
122 119.661
123 117.539
124 117.539
125 117.16
126 116.411
127 116.032
128 114.896
129 114.481
130 114.455
131 114.455
132 114.346
133 114.32
134 112.781
135 112.756
136 112.756
137 110.924
138 110.812
139 110.788
140 108.892
141 108.315
142 107.866
143 107.866
144 107.398
145 107.164
146 107.117
147 105.244
148 105.244
149 104.543
150 104.455
151 104.147
152 104.139
153 103.831
154 103.446
155 103.042
156 102.889
157 102.863
158 101.665
159 101.164
160 100.61
161 100.61
162 98.9884
163 98.9771
164 98.4958
165 97.6452
166 97.3224
167 96.8656
168 96.8656
169 96.5448
170 96.3054
171 95.3488
172 95.3488
173 94.9122
174 94.9122
175 94.9122
176 94.7418
177 94.7418
178 94.0052
179 94.0048
180 93.887
181 93.7165
182 93.7165
183 92.4492
184 92.4492
185 91.28
186 90.7278
187 90.7278
188 90.255
189 90.255
190 90.255
191 90.255
192 90.0632
193 89.7291
194 89.5135
195 88.8436
196 88.3109
197 88.0438
198 87.4254
199 87.1583
200 86.8494
201 86.5823
202 86.5823
203 86.5823
204 86.4895
205 85.1953
206 85.1953
207 85.1024
208 85.1024
209 85.1024
210 85.1024
211 84.7001
212 84.7001
213 84.6876
214 84.6876
215 84.2262
216 84.2262
217 84.2262
218 84.0296
219 83.8788
220 83.6558
221 83.5985
222 83.2511
223 83.1756
224 83.1182
225 83.1182
226 83.1182
227 83.1182
228 83.1182
229 82.9852
230 82.9852
231 82.854
232 82.721
233 82.2698
234 81.9035
235 81.7694
236 81.4589
237 81.3182
238 81.3182
239 81.159
240 81.159
241 81.159
242 81.159
243 81.159
244 81.159
245 81.0794
246 81.0679
247 81.0679
248 81.0679
249 79.9165
250 79.9165
251 79.5392
252 79.4893
253 79.4893
254 79.4893
255 79.4893
256 79.3275
257 79.3134
258 79.3031
259 78.9258
260 78.783
261 78.764
262 78.764
263 78.764
264 78.764
265 78.2781
266 78.2781
267 78.2781
268 78.2781
269 78.2743
270 77.9476
271 77.9476
272 77.9476
273 77.5779
274 77.5779
275 77.5034
276 77.1703
277 77.0958
278 77.0958
279 77.0811
280 76.8652
281 76.8652
282 76.8505
283 75.6959
284 75.6812
285 75.1891
286 75.1891
287 75.1891
288 75.1891
289 75.1891
290 75.1891
291 75.1891
292 75.1891
293 74.6112
294 74.6112
295 74.6112
296 74.6112
297 74.6112
298 74.0227
299 74.0227
300 74.0227
301 74.0227
302 74.0227
303 74.0227
304 74.0227
305 73.9568
306 73.9568
307 73.9568
308 73.9568
309 73.9568
310 73.6627
311 73.6627
312 73.4316
313 73.4316
314 73.4316
315 73.4316
316 73.4316
317 73.4316
318 73.4316
319 73.4316
320 73.4316
321 73.4316
322 73.4316
323 73.4316
324 73.4316
325 73.3471
326 73.3471
327 73.3471
328 73.3471
329 73.3471
330 73.3471
331 73.3471
332 73.3471
333 73.2759
334 73.2759
335 72.8968
336 72.8968
337 72.8968
338 72.8968
339 72.8968
340 72.8968
341 72.8968
342 72.8968
343 72.8968
344 72.8968
345 72.8968
346 72.8968
347 72.3754
348 72.3754
349 71.9836
350 71.9836
351 71.9836
352 71.9836
353 71.9836
354 71.9836
355 71.7735
356 71.7735
357 71.7735
358 71.7735
359 71.7735
360 71.7735
361 71.7735
362 71.7735
363 71.7735
364 71.7735
365 71.7735
366 71.7735
367 71.7735
368 71.7735
369 71.7735
370 71.7735
371 71.7735
372 71.2381
373 71.2381
374 71.2381
375 71.2381
376 71.2381
377 71.2381
378 71.2381
379 71.2381
380 71.2381
381 71.2381
382 71.2381
383 71.2381
384 71.2381
385 71.2381
386 71.2381
387 71.2381
388 71.2381
389 71.2381
390 71.2381
391 71.2381
392 71.2381
393 70.7681
394 70.7681
395 70.7681
396 70.7681
397 70.7681
398 70.7681
399 70.7681
400 70.7681
401 70.7681
402 70.7681
403 70.7681
404 70.7681
405 70.2093
406 70.2093
407 70.2093
408 70.2093
409 70.2093
410 70.2093
411 70.2093
412 70.2093
413 70.104
414 70.104
415 70.104
416 70.104
417 70.104
418 70.104
419 70.104
420 70.104
421 70.104
422 70.104
423 70.104
424 70.104
425 69.8264
426 69.8264
427 69.8264
428 69.8264
429 69.8264
430 69.8264
431 69.8264
432 69.8264
433 69.8264
434 69.8264
435 69.8264
436 69.8264
437 69.8264
438 69.8264
439 69.8264
440 69.8264
441 69.8264
442 69.8264
443 69.8264
444 69.8264
445 69.8264
446 69.8264
447 69.8264
448 69.8264
449 69.8264
450 69.8264
451 69.8264
452 69.8264
453 69.6864
454 69.6864
455 69.6606
456 69.5127
457 69.5127
458 69.5127
459 69.5127
460 69.5127
461 69.5127
462 69.5127
463 69.5127
464 69.5127
465 69.5127
466 69.5127
467 69.5127
468 69.5127
469 69.5127
470 69.5127
471 69.5127
472 69.5127
473 69.5127
474 69.5127
475 69.5127
476 69.5127
477 69.5127
478 69.5127
479 69.4808
480 69.4808
481 69.4808
482 69.4808
483 69.4808
484 69.4808
485 69.4808
486 69.4808
487 69.4808
488 69.4808
489 69.4808
490 69.4808
491 69.4808
492 69.4808
493 69.4808
494 69.4808
495 69.4808
496 69.4808
497 69.4808
498 69.4808
499 69.4808
500 69.4808
501 69.4808
502 69.4808
503 69.4808
504 69.4808
505 69.4808
506 69.4808
507 69.4808
508 69.4808
509 69.4808
510 69.4808
511 69.4808
512 69.4808
513 69.4808
514 69.4808
515 69.4808
516 69.4808
517 69.4808
518 69.4808
519 69.4808
520 69.4808
521 69.4808
522 69.4808
523 69.4808
524 69.4808
525 69.4808
526 69.4808
527 69.4808
528 69.4808
529 69.4808
530 69.4808
531 69.4808
532 69.4808
533 69.4808
534 69.4808
535 69.4808
536 69.4808
537 69.4808
538 69.4808
539 69.4808
540 69.4808
541 69.4808
542 69.4808
543 69.4808
544 69.4808
545 69.4808
546 69.4808
547 69.4808
548 69.4808
549 69.4808
550 69.4808
551 69.4808
552 69.4808
553 69.4808
554 69.4808
555 69.4808
556 69.4808
557 69.4808
558 69.4808
559 69.4808
560 69.4458
561 69.2975
562 69.2625
563 69.2625
564 69.2625
565 69.2625
566 69.2625
567 69.2625
568 69.2625
569 69.2625
570 69.2625
571 69.2625
572 69.2625
573 69.2625
574 69.2625
575 69.2625
576 69.2625
577 69.2625
578 69.2625
579 69.2625
580 69.2625
581 69.2625
582 69.2625
583 69.048
584 69.048
585 69.048
586 69.0029
587 69.0029
588 68.9538
589 68.9538
590 68.9538
591 68.9538
592 68.9538
593 68.9538
594 68.9538
595 68.9538
596 68.9538
597 68.9538
598 68.9538
599 68.9538
600 68.9538
601 68.7482
602 68.7482
603 68.7482
604 68.7482
605 68.7482
606 68.7482
607 68.7482
608 68.7482
609 68.7482
610 68.7482
611 68.7482
612 68.7482
613 68.7482
614 68.7482
615 68.7482
616 68.7482
617 68.7482
618 68.7482
619 68.7482
620 68.7482
621 68.7482
622 68.7482
623 68.7482
624 68.7482
625 68.7482
626 68.7482
627 68.7482
628 68.7482
629 68.7482
630 68.7482
631 68.7482
632 68.7482
633 68.7482
634 68.7482
635 68.7482
636 68.7482
637 68.7482
638 68.7482
639 68.7482
640 68.7482
641 68.7482
642 68.7482
643 68.7482
644 68.7482
645 68.7482
646 68.7482
647 68.7482
648 68.7482
649 68.7482
650 68.7482
651 68.7482
652 68.7482
653 68.7482
654 68.7482
655 68.7482
656 68.7482
657 68.7482
658 68.7482
659 68.7482
660 68.7482
661 68.7482
662 68.7482
663 68.7482
664 68.7482
665 68.7482
666 68.7482
667 68.7482
668 68.7482
669 68.7482
670 68.7482
671 68.7482
672 68.7482
673 68.7482
674 68.7482
675 68.7482
676 68.7482
677 68.7482
678 68.7482
679 68.7482
680 68.7482
681 68.7482
682 68.7253
683 68.7253
684 68.7253
685 68.7253
686 68.6682
687 68.6682
688 68.6682
689 68.5399
690 68.5399
691 68.5399
692 68.5399
693 68.5399
694 68.5399
695 68.5138
696 68.5138
697 68.5138
698 68.5138
699 68.5138
700 68.5138
701 68.5138
702 68.5138
703 68.5138
704 68.5138
705 68.5138
706 68.5138
707 68.5138
708 68.5138
709 68.5138
710 68.5138
711 68.5138
712 68.5138
713 68.5138
714 68.4824
715 68.4824
716 68.4824
717 68.1048
718 68.1048
719 68.1048
720 68.1048
721 68.1048
722 68.1048
723 68.1048
724 68.1048
725 68.1048
726 68.1048
727 68.1048
728 68.1048
729 68.1048
730 68.1048
731 68.1048
732 67.8832
733 67.8832
734 67.8832
735 67.8832
736 67.8219
737 67.8219
738 67.8219
739 67.8219
740 67.8219
741 67.8219
742 67.8219
743 67.5757
744 67.5757
745 67.5757
746 67.5757
747 67.5757
748 67.5757
749 67.5757
750 67.5757
751 67.5757
752 67.5757
753 67.5757
754 67.5757
755 67.5757
756 67.5757
757 67.4975
758 67.4975
759 67.4975
760 67.4975
761 67.4975
762 67.4975
763 67.4975
764 67.4975
765 67.4975
766 67.4975
767 67.4975
768 67.4975
769 67.4975
770 67.4975
771 67.4975
772 67.4975
773 67.4975
774 67.4975
775 67.4975
776 67.4975
777 67.4975
778 67.4975
779 67.4975
780 67.4975
781 67.4975
782 67.4975
783 67.4975
784 67.4975
785 67.4975
786 67.4975
787 67.4975
788 67.4975
789 67.4975
790 67.4975
791 67.4975
792 67.4975
793 67.4975
794 67.4975
795 67.4975
796 67.4975
797 67.4975
798 67.4975
799 67.4975
800 67.4975
801 67.4975
802 67.4975
803 67.4975
804 67.4975
805 67.4975
806 67.4975
807 67.4975
808 67.4975
809 67.4975
810 67.4975
811 67.4975
812 67.4975
813 67.4975
814 67.4975
815 67.4975
816 67.4975
817 67.4975
818 67.4975
819 67.4975
820 67.4975
821 67.4975
822 67.4975
823 67.4975
824 67.4975
825 67.4975
826 67.4975
827 67.4975
828 67.4975
829 67.4975
830 67.4975
831 67.4975
832 67.4975
833 67.4975
834 67.4975
835 67.4975
836 67.4975
837 67.4975
838 67.4975
839 67.4975
840 67.4975
841 67.4975
842 67.4975
843 67.4975
844 67.4975
845 67.4975
846 67.4975
847 67.4975
848 67.4975
849 67.4975
850 67.4975
851 67.4975
852 67.4975
853 67.4975
854 67.4975
855 67.4975
856 67.4975
857 67.4975
858 67.4975
859 67.4975
860 67.4975
861 67.4975
862 67.4975
863 67.4975
864 67.4975
865 67.4975
866 67.4975
867 67.4975
868 67.4975
869 67.4975
870 67.4975
871 67.4975
872 67.4975
873 67.4975
874 67.4975
875 67.4975
876 67.4975
877 67.4975
878 67.4975
879 67.4975
880 67.4975
881 67.4975
882 67.1628
883 67.1628
884 67.1628
885 67.1628
886 67.1628
887 67.1628
888 67.1628
889 67.1628
890 67.1628
891 67.1628
892 67.1628
893 67.1628
894 67.1628
895 67.1628
896 67.1628
897 67.1628
898 67.1628
899 67.1628
900 67.1628
901 67.1628
902 67.1628
903 67.1628
904 67.1628
905 67.1628
906 67.1628
907 67.1628
908 67.1628
909 67.1628
910 67.1628
911 67.1628
912 67.1628
913 67.1628
914 67.1628
915 67.1628
916 67.1628
917 67.1628
918 67.1628
919 67.1628
920 67.1628
921 67.1628
922 67.1628
923 67.1628
924 67.1628
925 67.1628
926 67.1628
927 67.1628
928 67.1628
929 67.1628
930 67.1628
931 67.1628
932 67.1628
933 67.1628
934 67.1628
935 67.1628
936 66.9754
937 66.9754
938 66.9754
939 66.9754
940 66.9754
941 66.9754
942 66.9754
943 66.9754
944 66.9754
945 66.9754
946 66.9754
947 66.9754
948 66.9754
949 66.9754
950 66.9754
951 66.9754
952 66.9754
953 66.9754
954 66.9754
955 66.9754
956 66.9754
957 66.9754
958 66.9754
959 66.9754
960 66.9754
961 66.9754
962 66.9754
963 66.9754
964 66.9754
965 66.9754
966 66.9754
967 66.9754
968 66.9754
969 66.9754
970 66.9754
971 66.9754
972 66.9754
973 66.9754
974 66.9754
975 66.9754
976 66.9754
977 66.9754
978 66.9754
979 66.9754
980 66.9754
981 66.9754
982 66.9754
983 66.9754
984 66.9322
985 66.9322
986 66.9322
987 66.9322
988 66.9322
989 66.9322
990 66.9322
991 66.9322
992 66.9322
993 66.9322
994 66.9322
995 66.9322
996 66.9322
997 66.9322
998 66.9322
999 66.9322
1000 66.9322
1001 66.9322
1002 66.9322
1003 66.9322
1004 66.9322
1005 66.9322
1006 66.9322
1007 66.9322
1008 66.9322
1009 66.9322
1010 66.9322
1011 66.9322
1012 66.9322
1013 66.9322
1014 66.9322
1015 66.9322
1016 66.9322
1017 66.9322
1018 66.9322
1019 66.9322
1020 66.9322
1021 66.9322
1022 66.9322
1023 66.9322
1024 66.9322
1025 66.9322
1026 66.9322
1027 66.9322
1028 66.9322
1029 66.9322
1030 66.9322
1031 66.9322
1032 66.9322
1033 66.9322
1034 66.9322
1035 66.9322
1036 66.9322
1037 66.9322
1038 66.9322
1039 66.9322
1040 66.9322
1041 66.9322
1042 66.9322
1043 66.9322
1044 66.9322
1045 66.9322
1046 66.9322
1047 66.9322
1048 66.9322
1049 66.9322
1050 66.9322
1051 66.9322
1052 66.9322
1053 66.9322
1054 66.9322
1055 66.9322
1056 66.9322
1057 66.9322
1058 66.9322
1059 66.9322
1060 66.9322
1061 66.9322
1062 66.9322
1063 66.9322
1064 66.9322
1065 66.9322
1066 66.9322
1067 66.9322
1068 66.9322
1069 66.9322
1070 66.9322
1071 66.9322
1072 66.9322
1073 66.832
1074 66.832
1075 66.832
1076 66.832
1077 66.832
1078 66.832
1079 66.832
1080 66.832
1081 66.832
1082 66.832
1083 66.832
1084 66.832
1085 66.832
1086 66.832
1087 66.832
1088 66.832
1089 66.832
1090 66.832
1091 66.832
1092 66.832
1093 66.832
1094 66.832
1095 66.832
1096 66.832
1097 66.832
1098 66.832
1099 66.832
1100 66.832
1101 66.832
1102 66.832
1103 66.832
1104 66.832
1105 66.832
1106 66.832
1107 66.832
1108 66.832
1109 66.832
1110 66.832
1111 66.832
1112 66.832
1113 66.832
1114 66.832
1115 66.832
1116 66.832
1117 66.832
1118 66.832
1119 66.832
1120 66.832
1121 66.832
1122 66.832
1123 66.832
1124 66.832
1125 66.832
1126 66.832
1127 66.832
1128 66.832
1129 66.832
1130 66.832
1131 66.832
1132 66.832
1133 66.832
1134 66.832
1135 66.832
1136 66.832
1137 66.832
1138 66.832
1139 66.832
1140 66.832
1141 66.832
1142 66.832
1143 66.832
1144 66.832
1145 66.832
1146 66.832
1147 66.832
1148 66.832
1149 66.832
1150 66.832
1151 66.832
1152 66.832
1153 66.832
1154 66.832
1155 66.832
1156 66.832
1157 66.832
1158 66.832
1159 66.832
1160 66.832
1161 66.832
1162 66.832
1163 66.832
1164 66.832
1165 66.832
1166 66.832
1167 66.832
1168 66.832
1169 66.832
1170 66.832
1171 66.832
1172 66.832
1173 66.832
1174 66.832
1175 66.832
1176 66.832
1177 66.832
1178 66.832
1179 66.832
1180 66.832
1181 66.832
1182 66.832
1183 66.832
1184 66.832
1185 66.832
1186 66.832
1187 66.832
1188 66.832
1189 66.832
1190 66.832
1191 66.832
1192 66.832
1193 66.832
1194 66.832
1195 66.832
1196 66.832
1197 66.832
1198 66.832
1199 66.832
1200 66.832
1201 66.832
1202 66.832
1203 66.832
1204 66.832
1205 66.832
1206 66.832
1207 66.832
1208 66.832
1209 66.832
1210 66.832
1211 66.832
1212 66.832
1213 66.832
1214 66.832
1215 66.832
1216 66.832
1217 66.832
1218 66.832
1219 66.832
1220 66.832
1221 66.832
1222 66.832
1223 66.832
1224 66.832
1225 66.832
1226 66.832
1227 66.832
1228 66.832
1229 66.832
1230 66.832
1231 66.832
1232 66.832
1233 66.832
1234 66.832
1235 66.832
1236 66.832
1237 66.832
1238 66.832
1239 66.832
1240 66.832
1241 66.832
1242 66.832
1243 66.832
1244 66.832
1245 66.832
1246 66.832
1247 66.832
1248 66.832
1249 66.832
1250 66.832
1251 66.832
1252 66.832
1253 66.832
1254 66.832
1255 66.832
1256 66.832
1257 66.832
1258 66.832
1259 66.832
1260 66.832
1261 66.832
1262 66.832
1263 66.832
1264 66.832
1265 66.832
1266 66.832
1267 66.832
1268 66.832
1269 66.832
1270 66.832
1271 66.832
1272 66.832
1273 66.832
1274 66.832
1275 66.832
1276 66.832
1277 66.832
1278 66.832
1279 66.832
1280 66.832
1281 66.832
1282 66.832
1283 66.832
1284 66.832
1285 66.832
1286 66.7927
1287 66.7927
1288 66.7927
1289 66.7927
1290 66.7927
1291 66.7927
1292 66.7927
1293 66.7927
1294 66.7927
1295 66.7927
1296 66.7927
1297 66.7927
1298 66.7927
1299 66.7927
1300 66.7927
1301 66.7927
1302 66.7927
1303 66.7927
1304 66.7927
1305 66.7927
1306 66.7927
1307 66.7927
1308 66.7927
1309 66.6024
1310 66.6024
1311 66.6024
1312 66.6024
1313 66.6024
1314 66.6024
1315 66.6024
1316 66.6024
1317 66.6024
1318 66.6024
1319 66.6024
1320 66.6024
1321 66.6024
1322 66.6024
1323 66.6024
1324 66.6024
1325 66.6024
1326 66.6024
1327 66.6024
1328 66.6024
1329 66.6024
1330 66.6024
1331 66.6024
1332 66.6024
1333 66.6024
1334 66.6024
1335 66.6024
1336 66.6024
1337 66.6024
1338 66.6024
1339 66.6024
1340 66.6024
1341 66.6024
1342 66.6024
1343 66.6024
1344 66.6024
1345 66.6024
1346 66.6024
1347 66.6024
1348 66.6024
1349 66.6024
1350 66.6024
1351 66.6024
1352 66.6024
1353 66.6024
1354 66.6024
1355 66.6024
1356 66.6024
1357 66.6024
1358 66.6024
1359 66.6024
1360 66.6024
1361 66.6024
1362 66.6024
1363 66.6024
1364 66.6024
1365 66.6024
1366 66.6024
1367 66.6024
1368 66.6024
1369 66.6024
1370 66.6024
1371 66.6024
1372 66.6024
1373 66.6024
1374 66.6024
1375 66.6024
1376 66.6024
1377 66.6024
1378 66.6024
1379 66.6024
1380 66.6024
1381 66.6024
1382 66.6024
1383 66.6024
1384 66.6024
1385 66.6024
1386 66.6024
1387 66.6024
1388 66.6024
1389 66.6024
1390 66.6024
1391 66.6024
1392 66.6024
1393 66.6024
1394 66.6024
1395 66.6024
1396 66.6024
1397 66.6024
1398 66.6024
1399 66.6024
1400 66.6024
1401 66.6024
1402 66.6024
1403 66.6024
1404 66.6024
1405 66.6024
1406 66.6024
1407 66.6024
1408 66.6024
1409 66.6024
1410 66.6024
1411 66.6024
1412 66.6024
1413 66.6024
1414 66.6024
1415 66.6024
1416 66.6024
1417 66.6024
1418 66.6024
1419 66.6024
1420 66.6024
1421 66.6024
1422 66.6024
1423 66.6024
1424 66.6024
1425 66.6024
1426 66.6024
1427 66.6024
1428 66.6024
1429 66.6024
1430 66.6024
1431 66.6024
1432 66.6024
1433 66.6024
1434 66.6024
1435 66.6024
1436 66.6024
1437 66.6024
1438 66.6024
1439 66.6024
1440 66.6024
1441 66.6024
1442 66.6024
1443 66.6024
1444 66.6024
1445 66.6024
1446 66.6024
1447 66.6024
1448 66.6024
1449 66.6024
1450 66.6024
1451 66.6024
1452 66.6024
1453 66.6024
1454 66.6024
1455 66.6024
1456 66.6024
1457 66.6024
1458 66.6024
1459 66.6024
1460 66.6024
1461 66.6024
1462 66.6024
1463 66.6024
1464 66.6024
1465 66.6024
1466 66.6024
1467 66.6024
1468 66.6024
1469 66.6024
1470 66.6024
1471 66.6024
1472 66.6024
1473 66.6024
1474 66.6024
1475 66.6024
1476 66.6024
1477 66.6024
1478 66.6024
1479 66.6024
1480 66.6024
1481 66.6024
1482 66.6024
1483 66.6024
1484 66.6024
1485 66.6024
1486 66.6024
1487 66.6024
1488 66.6024
1489 66.6024
1490 66.6024
1491 66.6024
1492 66.6024
1493 66.6024
1494 66.6024
1495 66.6024
1496 66.6024
1497 66.6024
1498 66.6024
1499 66.6024
1500 66.6024
1501 66.6024
1502 66.6024
1503 66.6024
1504 66.6024
1505 66.6024
1506 66.6024
1507 66.6024
1508 66.6024
1509 66.6024
1510 66.6024
1511 66.6024
1512 66.6024
1513 66.6024
1514 66.6024
1515 66.6024
1516 66.6024
1517 66.6024
1518 66.6024
1519 66.6024
1520 66.6024
1521 66.6024
1522 66.6024
1523 66.6024
1524 66.6024
1525 66.6024
1526 66.6024
1527 66.6024
1528 66.6024
1529 66.6024
1530 66.6024
1531 66.6024
1532 66.6024
1533 66.6024
1534 66.6024
1535 66.6024
1536 66.6024
1537 66.6024
1538 66.6024
1539 66.6024
1540 66.6024
1541 66.6024
1542 66.6024
1543 66.6024
1544 66.6024
1545 66.6024
1546 66.6024
1547 66.6024
1548 66.6024
1549 66.6024
1550 66.6024
1551 66.6024
1552 66.6024
1553 66.6024
1554 66.6024
1555 66.6024
1556 66.6024
1557 66.6024
1558 66.6024
1559 66.6024
1560 66.6024
1561 66.6024
1562 66.6024
1563 66.6024
1564 66.6024
1565 66.6024
1566 66.6024
1567 66.6024
1568 66.6024
1569 66.6024
1570 66.6024
1571 66.6024
1572 66.6024
1573 66.6024
1574 66.6024
1575 66.6024
1576 66.6024
1577 66.6024
1578 66.6024
1579 66.6024
1580 66.6024
1581 66.6024
1582 66.6024
1583 66.6024
1584 66.6024
1585 66.6024
1586 66.6024
1587 66.6024
1588 66.6024
1589 66.6024
1590 66.6024
1591 66.6024
1592 66.6024
1593 66.6024
1594 66.6024
1595 66.6024
1596 66.6024
1597 66.6024
1598 66.6024
1599 66.6024
1600 66.6024
1601 66.6024
1602 66.6024
1603 66.6024
1604 66.6024
1605 66.6024
1606 66.6024
1607 66.6024
1608 66.6024
1609 66.6024
1610 66.6024
1611 66.6024
1612 66.6024
1613 66.6024
1614 66.6024
1615 66.6024
1616 66.6024
1617 66.6024
1618 66.6024
1619 66.6024
1620 66.6024
1621 66.6024
1622 66.6024
1623 66.6024
1624 66.6024
1625 66.6024
1626 66.6024
1627 66.6024
1628 66.6024
1629 66.6024
1630 66.6024
1631 66.6024
1632 66.6024
1633 66.6024
1634 66.6024
1635 66.6024
1636 66.6024
1637 66.6024
1638 66.6024
1639 66.6024
1640 66.6024
1641 66.6024
1642 66.6024
1643 66.6024
1644 66.6024
1645 66.6024
1646 66.6024
1647 66.6024
1648 66.6024
1649 66.6024
1650 66.6024
1651 66.6024
1652 66.6024
1653 66.6024
1654 66.6024
1655 66.6024
1656 66.6024
1657 66.6024
1658 66.6024
1659 66.6024
1660 66.6024
1661 66.6024
1662 66.6024
1663 66.6024
1664 66.6024
1665 66.6024
1666 66.6024
1667 66.6024
1668 66.6024
1669 66.6024
1670 66.6024
1671 66.6024
1672 66.6024
1673 66.6024
1674 66.6024
1675 66.6024
1676 66.6024
1677 66.6024
1678 66.6024
1679 66.6024
1680 66.6024
1681 66.6024
1682 66.6024
1683 66.6024
1684 66.6024
1685 66.6024
1686 66.6024
1687 66.6024
1688 66.6024
1689 66.6024
1690 66.6024
1691 66.6024
1692 66.6024
1693 66.6024
1694 66.6024
1695 66.6024
1696 66.6024
1697 66.6024
1698 66.6024
1699 66.6024
1700 66.6024
1701 66.6024
1702 66.6024
1703 66.6024
1704 66.6024
1705 66.6024
1706 66.6024
1707 66.6024
1708 66.6024
1709 66.6024
1710 66.6024
1711 66.6024
1712 66.6024
1713 66.6024
1714 66.6024
1715 66.6024
1716 66.6024
1717 66.6024
1718 66.6024
1719 66.6024
1720 66.6024
1721 66.6024
1722 66.6024
1723 66.6024
1724 66.6024
1725 66.6024
1726 66.6024
1727 66.6024
1728 66.6024
1729 66.6024
1730 66.6024
1731 66.6024
1732 66.6024
1733 66.6024
1734 66.6024
1735 66.6024
1736 66.6024
1737 66.6024
1738 66.6024
1739 66.6024
1740 66.6024
1741 66.6024
1742 66.6024
1743 66.6024
1744 66.6024
1745 66.6024
1746 66.6024
1747 66.6024
1748 66.6024
1749 66.6024
1750 66.6024
1751 66.6024
1752 66.6024
1753 66.6024
1754 66.6024
1755 66.6024
1756 66.6024
1757 66.6024
1758 66.6024
1759 66.6024
1760 66.6024
1761 66.6024
1762 66.6024
1763 66.6024
1764 66.6024
1765 66.6024
1766 66.6024
1767 66.6024
1768 66.6024
1769 66.6024
1770 66.6024
1771 66.6024
1772 66.6024
1773 66.6024
1774 66.6024
1775 66.6024
1776 66.6024
1777 66.6024
1778 66.6024
1779 66.6024
1780 66.6024
1781 66.6024
1782 66.6024
1783 66.6024
1784 66.6024
1785 66.6024
1786 66.6024
1787 66.6024
1788 66.6024
1789 66.6024
1790 66.6024
1791 66.6024
1792 66.6024
1793 66.6024
1794 66.6024
1795 66.6024
1796 66.6024
1797 66.6024
1798 66.6024
1799 66.6024
1800 66.6024
1801 66.6024
1802 66.6024
1803 66.6024
1804 66.6024
1805 66.6024
1806 66.6024
1807 66.6024
1808 66.6024
1809 66.6024
1810 66.6024
1811 66.6024
1812 66.6024
1813 66.6024
1814 66.6024
1815 66.6024
1816 66.6024
1817 66.6024
1818 66.6024
1819 66.6024
1820 66.6024
1821 66.6024
1822 66.6024
1823 66.6024
1824 66.6024
1825 66.6024
1826 66.6024
1827 66.6024
1828 66.6024
1829 66.6024
1830 66.6024
1831 66.6024
1832 66.6024
1833 66.6024
1834 66.6024
1835 66.6024
1836 66.6024
1837 66.6024
1838 66.6024
1839 66.6024
1840 66.6024
1841 66.6024
1842 66.6024
1843 66.6024
1844 66.6024
1845 66.6024
1846 66.6024
1847 66.6024
1848 66.6024
1849 66.6024
1850 66.6024
1851 66.6024
1852 66.6024
1853 66.6024
1854 66.6024
1855 66.6024
1856 66.6024
1857 66.6024
1858 66.6024
1859 66.6024
1860 66.6024
1861 66.6024
1862 66.6024
1863 66.6024
1864 66.6024
1865 66.6024
1866 66.6024
1867 66.6024
1868 66.6024
1869 66.6024
1870 66.6024
1871 66.6024
1872 66.6024
1873 66.6024
1874 66.6024
1875 66.6024
1876 66.6024
1877 66.6024
1878 66.6024
1879 66.6024
1880 66.6024
1881 66.6024
1882 66.6024
1883 66.6024
1884 66.6024
1885 66.6024
1886 66.6024
1887 66.6024
1888 66.6024
1889 66.6024
1890 66.6024
1891 66.6024
1892 66.6024
1893 66.6024
1894 66.6024
1895 66.6024
1896 66.6024
1897 66.6024
1898 66.6024
1899 66.6024
1900 66.6024
1901 66.6024
1902 66.6024
1903 66.6024
1904 66.6024
1905 66.6024
1906 66.6024
1907 66.6024
1908 66.6024
1909 66.6024
1910 66.6024
1911 66.6024
1912 66.6024
1913 66.6024
1914 66.6024
1915 66.6024
1916 66.6024
1917 66.6024
1918 66.6024
1919 66.6024
1920 66.6024
1921 66.6024
1922 66.6024
1923 66.6024
1924 66.6024
1925 66.6024
1926 66.6024
1927 66.6024
1928 66.6024
1929 66.6024
1930 66.6024
1931 66.6024
1932 66.6024
1933 66.6024
1934 66.6024
1935 66.6024
1936 66.6024
1937 66.6024
1938 66.6024
1939 66.6024
1940 66.6024
1941 66.6024
1942 66.6024
1943 66.6024
1944 66.6024
1945 66.6024
1946 66.6024
1947 66.6024
1948 66.6024
1949 66.6024
1950 66.6024
1951 66.6024
1952 66.6024
1953 66.6024
1954 66.6024
1955 66.6024
1956 66.6024
1957 66.6024
1958 66.6024
1959 66.6024
1960 66.6024
1961 66.6024
1962 66.6024
1963 66.6024
1964 66.6024
1965 66.6024
1966 66.6024
1967 66.6024
1968 66.6024
1969 66.6024
1970 66.6024
1971 66.6024
1972 66.6024
1973 66.6024
1974 66.6024
1975 66.6024
1976 66.6024
1977 66.6024
1978 66.6024
1979 66.6024
1980 66.6024
1981 66.6024
1982 66.6024
1983 66.6024
1984 66.6024
1985 66.6024
1986 66.6024
1987 66.6024
1988 66.6024
1989 66.6024
1990 66.6024
1991 66.6024
1992 66.6024
1993 66.6024
1994 66.6024
1995 66.6024
1996 66.6024
1997 66.6024
1998 66.6024
1999 66.6024
