0 428.037
1 421.712
2 412.572
3 400.509
4 397.022
5 376.832
6 367.378
7 363.829
8 355.056
9 348.963
10 340.51
11 331.177
12 324.474
13 313.169
14 306.094
15 301.799
16 298.882
17 298.645
18 292.205
19 289.155
20 287.113
21 283.652
22 277.869
23 276.127
24 268.303
25 265.292
26 265.292
27 260.424
28 255.615
29 254.221
30 249.788
31 247.975
32 242.855
33 240.74
34 236.514
35 229.76
36 229.76
37 223.783
38 218.516
39 218.516
40 217.736
41 216.222
42 213.706
43 211.854
44 207.044
45 205.331
46 205.331
47 201.192
48 200.584
49 199.447
50 197.656
51 193.938
52 193.234
53 191.804
54 185.541
55 185.541
56 185.541
57 183.4
58 182.564
59 181.834
60 180.493
61 179.956
62 178.58
63 176.361
64 170.618
65 170.618
66 167.836
67 167.836
68 166.475
69 166.217
70 165.796
71 164.804
72 163.493
73 161.837
74 160.755
75 155.12
76 152.641
77 152.18
78 150.146
79 149.678
80 148.873
81 146.78
82 145.975
83 145.975
84 144.864
85 143.6
86 143.592
87 143.094
88 142.314
89 139.837
90 138.917
91 137.153
92 136.461
93 134.592
94 134.43
95 133.748
96 132.994
97 131.414
98 131.067
99 130.543
100 130.022
101 129.36
102 127.292
103 126.246
104 125.433
105 124.387
106 123.955
107 123.614
108 123.36
109 123.158
110 122.719
111 122.622
112 122.124
113 121.742
114 121.147
115 121.147
116 120.956
117 120.212
118 119.929
119 119.929
120 119.929
121 118.478
122 118.478
123 117.963
124 117.963
125 117.963
126 117.501
127 117.224
128 116.919
129 116.919
130 116.919
131 115.4
132 115.4
133 115.4
134 114.267
135 113.382
136 113.382
137 113.382
138 113.078
139 113.078
140 112.106
141 111.525
142 110.881
143 109.936
144 109.569
145 107.972
146 107.97
147 107.97
148 107.97
149 107.444
150 107.442
151 107.442
152 107.276
153 106.414
154 106.414
155 106.414
156 106.057
157 106.057
158 106.013
159 105.322
160 105.322
161 105.037
162 104.318
163 104.034
164 103.888
165 103.888
166 103.109
167 102.871
168 102.775
169 102.629
170 102.147
171 102.051
172 101.679
173 101.583
174 101.583
175 101.51
176 101.268
177 100.979
178 100.591
179 100.517
180 100.517
181 100.308
182 100.308
183 99.7386
184 99.2877
185 99.2877
186 99.1784
187 98.6016
188 98.6016
189 98.5658
190 98.5658
191 98.2592
192 98.2592
193 98.2592
194 97.9843
195 97.9843
196 97.9843
197 97.5596
198 96.9781
199 96.9781
200 96.45
201 96.45
202 96.3596
203 96.3596
204 96.3246
205 96.3246
206 95.8985
207 95.8985
208 95.7603
209 95.7252
210 95.6209
211 95.5037
212 95.226
213 94.8179
214 94.4231
215 94.1455
216 94.1455
217 94.1455
218 93.93
219 93.93
220 93.7833
221 93.7833
222 93.7833
223 93.7833
224 93.7833
225 93.7833
226 93.7833
227 92.8692
228 92.8692
229 92.3332
230 92.3332
231 92.3332
232 92.1501
233 92.0965
234 92.0965
235 91.6141
236 91.3774
237 91.3774
238 91.3371
239 90.873
240 90.873
241 90.6088
242 90.6088
243 90.1611
244 90.1611
245 89.9894
246 89.9894
247 89.7252
248 89.2503
249 89.2503
250 89.2503
251 89.0207
252 88.499
253 88.499
254 88.499
255 88.499
256 88.3847
257 88.3847
258 88.3847
259 88.3847
260 88.3847
261 88.3847
262 88.3847
263 88.3847
264 88.3579
265 88.3579
266 88.0656
267 87.7232
268 87.4041
269 87.3772
270 86.8854
271 86.5663
272 86.399
273 83.4544
274 83.4544
275 83.4544
276 83.3278
277 83.3278
278 83.3278
279 83.3278
280 83.3278
281 83.3278
282 83.3018
283 83.3018
284 82.6837
285 82.558
286 82.0823
287 81.7436
288 81.1422
289 81.1422
290 81.1422
291 81.1422
292 80.9281
293 80.9281
294 80.4359
295 80.4359
296 79.7401
297 79.0338
298 79.0338
299 79.0338
300 79.0338
301 79.0338
302 79.0338
303 79.0338
304 79.0338
305 79.0338
306 78.5538
307 78.5538
308 78.5276
309 78.5276
310 77.4654
311 77.4391
312 76.9591
313 76.9591
314 76.6237
315 76.6237
316 76.3452
317 76.3452
318 76.3452
319 76.3452
320 76.3452
321 75.508
322 75.508
323 75.1427
324 75.1427
325 75.1427
326 75.1427
327 75.1427
328 75.1427
329 75.1427
330 75.1427
331 75.1427
332 75.1427
333 75.1427
334 75.1427
335 75.1427
336 75.1427
337 75.1427
338 75.1427
339 74.9906
340 74.9906
341 74.7647
342 74.7647
343 74.6126
344 74.6126
345 74.1723
346 74.1723
347 74.1723
348 73.902
349 73.1952
350 73.1952
351 73.1952
352 73.1952
353 73.1335
354 73.042
355 73.042
356 73.042
357 72.9803
358 72.9803
359 72.9803
360 72.9803
361 72.9803
362 72.8477
363 72.8477
364 72.8477
365 72.8477
366 72.8477
367 72.7572
368 72.3334
369 72.3334
370 72.2429
371 72.2429
372 72.2429
373 72.2429
374 72.2429
375 71.8641
376 71.8641
377 71.8641
378 71.8641
379 71.8641
380 71.8641
381 71.2881
382 71.2881
383 71.2881
384 70.883
385 70.883
386 70.883
387 70.883
388 70.883
389 70.883
390 70.883
391 70.883
392 70.883
393 70.883
394 70.883
395 70.883
396 70.883
397 70.883
398 70.883
399 70.883
400 70.883
401 70.883
402 70.883
403 70.883
404 70.883
405 70.883
406 70.883
407 70.883
408 70.883
409 70.883
410 70.883
411 70.883
412 70.883
413 70.883
414 70.883
415 70.883
416 70.883
417 70.883
418 70.883
419 70.883
420 70.883
421 70.1796
422 70.1796
423 70.1796
424 70.1796
425 69.8867
426 69.8867
427 69.8867
428 69.8867
429 69.8867
430 69.8867
431 69.8867
432 69.8867
433 69.8867
434 69.8867
435 69.8867
436 69.8867
437 69.8867
438 69.8867
439 69.8867
440 69.8867
441 69.8867
442 69.8867
443 69.8867
444 69.8867
445 69.8867
446 69.8867
447 69.8867
448 69.8867
449 69.8867
450 69.8867
451 69.8867
452 69.8867
453 69.8867
454 69.8867
455 69.8867
456 69.8867
457 69.8867
458 69.8867
459 69.8867
460 69.8867
461 69.8867
462 69.8867
463 69.8867
464 69.8751
465 69.8751
466 69.0993
467 69.0993
468 69.0993
469 69.0877
470 69.0877
471 69.0877
472 69.0877
473 69.0877
474 69.0877
475 69.0877
476 69.0877
477 69.0877
478 69.0877
479 69.0877
480 69.0877
481 69.0877
482 69.0877
483 69.0877
484 69.0877
485 69.0877
486 69.0877
487 69.0877
488 69.0877
489 69.0877
490 69.0877
491 69.0877
492 69.0877
493 69.0877
494 69.0877
495 69.0877
496 69.0877
497 69.0877
498 69.0877
499 69.0877
500 69.0877
501 69.0877
502 69.0877
503 69.0877
504 69.0877
505 69.0877
506 69.0877
507 69.0877
508 69.0877
509 69.0877
510 69.0877
511 69.0877
512 68.9802
513 68.9802
514 68.7712
515 68.7712
516 68.6638
517 68.6638
518 68.6638
519 68.6638
520 68.6638
521 68.426
522 68.426
523 68.426
524 68.2715
525 68.2715
526 68.2715
527 68.2715
528 68.2715
529 68.2715
530 68.2715
531 68.2715
532 68.2715
533 68.2715
534 68.2715
535 68.2715
536 68.2715
537 68.2715
538 68.2715
539 68.2715
540 68.2715
541 68.2715
542 68.2715
543 68.2715
544 68.2715
545 68.2715
546 68.2715
547 67.9691
548 67.9691
549 67.9691
550 67.9691
551 67.9691
552 67.9691
553 67.9691
554 67.9691
555 67.9691
556 67.9691
557 67.9691
558 67.9691
559 67.9691
560 67.9691
561 67.9691
562 67.9691
563 67.9691
564 67.9691
565 67.9691
566 67.9691
567 67.9691
568 67.9691
569 67.9691
570 67.9691
571 67.9691
572 67.9691
573 67.9691
574 67.9691
575 67.9691
576 67.9691
577 67.9691
578 67.9691
579 67.9691
580 67.9691
581 67.9691
582 67.9691
583 67.9691
584 67.9691
585 67.853
586 67.853
587 67.853
588 67.4281
589 67.4281
590 67.4281
591 67.2972
592 67.2972
593 67.2972
594 67.2972
595 67.2972
596 67.2972
597 67.2933
598 66.9341
599 66.9341
600 66.9341
601 66.9341
602 66.9341
603 66.9341
604 66.9341
605 66.9341
606 66.9341
607 66.9341
608 66.9341
609 66.9341
610 66.9341
611 66.9341
612 66.9341
613 66.9341
614 66.9341
615 66.9341
616 66.9341
617 66.9341
618 66.9341
619 66.9341
620 66.9341
621 66.9341
622 66.9341
623 66.9341
624 66.9341
625 66.9341
626 66.9341
627 66.9341
628 66.9341
629 66.9341
630 66.9341
631 66.9341
632 66.9341
633 66.9341
634 66.9341
635 66.9341
636 66.9341
637 66.9341
638 66.9341
639 66.9341
640 66.9341
641 66.9341
642 66.9341
643 66.9341
644 66.9341
645 66.9341
646 66.9341
647 66.9341
648 66.9341
649 66.9341
650 66.9341
651 66.9341
652 66.9341
653 66.9341
654 66.9341
655 66.9341
656 66.9341
657 66.9341
658 66.9341
659 66.9341
660 66.9341
661 66.9341
662 66.9341
663 66.9341
664 66.9341
665 66.9341
666 66.9341
667 66.8514
668 66.8514
669 66.8514
670 66.8514
671 66.8514
672 66.8514
673 66.8514
674 66.8514
675 66.8514
676 66.8514
677 66.8514
678 66.8514
679 66.8514
680 66.8514
681 66.8514
682 66.8514
683 66.8514
684 66.8514
685 66.8514
686 66.8514
687 66.8514
688 66.8514
689 66.8514
690 66.8514
691 66.8514
692 66.8514
693 66.8514
694 66.8514
695 66.8514
696 66.8514
697 66.8514
698 66.8514
699 66.8514
700 66.8514
701 66.8514
702 66.8514
703 66.8514
704 66.8514
705 66.8514
706 66.8514
707 66.8514
708 66.8514
709 66.8514
710 66.8514
711 66.8514
712 66.8514
713 66.8514
714 66.8514
715 66.8514
716 66.8514
717 66.8514
718 66.8514
719 66.8514
720 66.8514
721 66.8514
722 66.8514
723 66.8514
724 66.8514
725 66.8514
726 66.8514
727 66.8514
728 66.8514
729 66.8514
730 66.8514
731 66.8514
732 66.8514
733 66.8514
734 66.8514
735 66.8514
736 66.8514
737 66.8514
738 66.8514
739 66.8514
740 66.8514
741 66.8514
742 66.8514
743 66.8514
744 66.8514
745 66.8514
746 66.8514
747 66.8514
748 66.8514
749 66.8514
750 66.8514
751 66.8514
752 66.8514
753 66.8514
754 66.8514
755 66.8514
756 66.8514
757 66.8514
758 66.8514
759 66.8514
760 66.8514
761 66.8514
762 66.8514
763 66.8514
764 66.8514
765 66.8514
766 66.8514
767 66.8514
768 66.8514
769 66.8514
770 66.8514
771 66.8514
772 66.8514
773 66.8514
774 66.8514
775 66.8514
776 66.8514
777 66.8514
778 66.8514
779 66.8514
780 66.8514
781 66.8514
782 66.8514
783 66.8514
784 66.8514
785 66.8514
786 66.8514
787 66.8514
788 66.8514
789 66.8514
790 66.8514
791 66.8514
792 66.8514
793 66.8514
794 66.8514
795 66.8514
796 66.8514
797 66.8514
798 66.8514
799 66.8514
800 66.8514
801 66.8514
802 66.8514
803 66.8514
804 66.8514
805 66.8514
806 66.8514
807 66.8514
808 66.8514
809 66.8514
810 66.8514
811 66.8514
812 66.8514
813 66.8514
814 66.8514
815 66.8514
816 66.8514
817 66.8514
818 66.8514
819 66.8514
820 66.8514
821 66.8514
822 66.8514
823 66.8514
824 66.8514
825 66.8514
826 66.8514
827 66.8514
828 66.8514
829 66.8219
830 66.8219
831 66.8219
832 66.8219
833 66.8219
834 66.8219
835 66.8219
836 66.8219
837 66.8219
838 66.8219
839 66.8219
840 66.8219
841 66.8219
842 66.8219
843 66.8219
844 66.8219
845 66.8219
846 66.8219
847 66.8219
848 66.8219
849 66.8219
850 66.8219
851 66.8219
852 66.8219
853 66.8219
854 66.8219
855 66.8219
856 66.8219
857 66.8219
858 66.8219
859 66.8219
860 66.8219
861 66.8219
862 66.8219
863 66.8219
864 66.8219
865 66.8219
866 66.8219
867 66.8219
868 66.8219
869 66.8219
870 66.8219
871 66.8219
872 66.8219
873 66.8219
874 66.8219
875 66.8219
876 66.8219
877 66.8219
878 66.8219
879 66.8219
880 66.8219
881 66.8219
882 66.8219
883 66.8219
884 66.8219
885 66.8219
886 66.8219
887 66.8219
888 66.8219
889 66.8219
890 66.8219
891 66.8219
892 66.8219
893 66.8219
894 66.8219
895 66.8219
896 66.8219
897 66.8219
898 66.8219
899 66.8219
900 66.8219
901 66.8219
902 66.8219
903 66.8219
904 66.8219
905 66.8219
906 66.8219
907 66.8219
908 66.8219
909 66.8219
910 66.8219
911 66.8219
912 66.8219
913 66.8219
914 66.8219
915 66.8219
916 66.8219
917 66.8219
918 66.8219
919 66.8219
920 66.8219
921 66.8219
922 66.8219
923 66.8219
924 66.8219
925 66.8219
926 66.8219
927 66.8219
928 66.8219
929 66.8219
930 66.8219
931 66.8219
932 66.8219
933 66.8219
934 66.8219
935 66.8219
936 66.8219
937 66.8219
938 66.8219
939 66.8219
940 66.8219
941 66.8219
942 66.8219
943 66.8219
944 66.8219
945 66.8219
946 66.8219
947 66.8219
948 66.8219
949 66.8219
950 66.8219
951 66.8219
952 66.8219
953 66.8219
954 66.8219
955 66.8219
956 66.8219
957 66.8219
958 66.8219
959 66.8219
960 66.8219
961 66.8219
962 66.8219
963 66.8219
964 66.8219
965 66.8219
966 66.8219
967 66.8219
968 66.8219
969 66.8219
970 66.8219
971 66.8219
972 66.8219
973 66.8219
974 66.8219
975 66.8219
976 66.8219
977 66.8219
978 66.8219
979 66.8219
980 66.8219
981 66.8219
982 66.8219
983 66.8219
984 66.8219
985 66.8219
986 66.8219
987 66.8219
988 66.8219
989 66.8219
990 66.8219
991 66.8219
992 66.8219
993 66.8219
994 66.8219
995 66.8219
996 66.8219
997 66.8219
998 66.8219
999 66.8219
1000 66.8219
1001 66.8219
1002 66.8219
1003 66.8219
1004 66.8219
1005 66.8219
1006 66.8219
1007 66.8219
1008 66.8219
1009 66.8219
1010 66.8219
1011 66.8219
1012 66.8219
1013 66.8219
1014 66.8219
1015 66.8219
1016 66.8219
1017 66.8219
1018 66.8219
1019 66.8219
1020 66.8219
1021 66.8219
1022 66.8219
1023 66.8219
1024 66.8219
1025 66.8219
1026 66.8219
1027 66.8219
1028 66.8219
1029 66.8219
1030 66.8219
1031 66.8219
1032 66.8219
1033 66.8219
1034 66.8219
1035 66.8219
1036 66.8219
1037 66.8219
1038 66.8219
1039 66.8219
1040 66.8219
1041 66.8219
1042 66.8219
1043 66.8219
1044 66.8219
1045 66.8219
1046 66.8219
1047 66.8219
1048 66.8219
1049 66.8219
1050 66.8219
1051 66.8219
1052 66.8219
1053 66.8219
1054 66.8219
1055 66.8219
1056 66.8219
1057 66.8219
1058 66.8219
1059 66.8219
1060 66.8219
1061 66.8219
1062 66.8219
1063 66.8219
1064 66.8219
1065 66.8219
1066 66.8219
1067 66.8219
1068 66.8219
1069 66.8219
1070 66.8219
1071 66.8219
1072 66.8219
1073 66.8219
1074 66.8219
1075 66.8219
1076 66.8219
1077 66.8219
1078 66.8219
1079 66.8219
1080 66.8219
1081 66.8219
1082 66.8219
1083 66.8219
1084 66.8219
1085 66.8219
1086 66.8219
1087 66.8219
1088 66.8219
1089 66.8219
1090 66.8219
1091 66.8219
1092 66.8219
1093 66.8219
1094 66.8219
1095 66.8219
1096 66.8219
1097 66.8219
1098 66.8219
1099 66.8219
1100 66.8219
1101 66.8219
1102 66.8219
1103 66.8219
1104 66.8219
1105 66.8219
1106 66.8219
1107 66.8219
1108 66.8219
1109 66.8219
1110 66.8219
1111 66.8219
1112 66.8219
1113 66.8219
1114 66.8219
1115 66.8219
1116 66.8219
1117 66.8219
1118 66.8219
1119 66.8219
1120 66.8219
1121 66.8219
1122 66.8219
1123 66.8219
1124 66.8219
1125 66.8219
1126 66.8219
1127 66.8219
1128 66.8219
1129 66.8219
1130 66.8219
1131 66.8219
1132 66.8219
1133 66.8219
1134 66.8219
1135 66.8219
1136 66.8219
1137 66.8219
1138 66.8219
1139 66.8219
1140 66.8219
1141 66.8219
1142 66.8219
1143 66.8219
1144 66.8219
1145 66.8219
1146 66.8219
1147 66.8219
1148 66.8219
1149 66.8219
1150 66.8219
1151 66.8219
1152 66.8219
1153 66.8219
1154 66.8219
1155 66.8219
1156 66.8219
1157 66.8219
1158 66.8219
1159 66.8219
1160 66.8219
1161 66.8219
1162 66.8219
1163 66.8219
1164 66.8219
1165 66.8219
1166 66.8219
1167 66.8219
1168 66.8219
1169 66.8219
1170 66.8219
1171 66.8219
1172 66.8219
1173 66.8219
1174 66.8219
1175 66.8219
1176 66.8219
1177 66.8219
1178 66.8219
1179 66.7822
1180 66.7822
1181 66.7822
1182 66.7822
1183 66.7822
1184 66.7822
1185 66.7822
1186 66.7822
1187 66.7822
1188 66.7822
1189 66.7822
1190 66.7822
1191 66.7822
1192 66.7822
1193 66.7822
1194 66.7822
1195 66.7822
1196 66.7822
1197 66.7822
1198 66.5786
1199 66.5786
1200 66.5786
1201 66.5786
1202 66.5786
1203 66.5786
1204 66.5786
1205 66.5786
1206 66.5786
1207 66.5786
1208 66.5786
1209 66.5786
1210 66.5786
1211 66.5786
1212 66.5786
1213 66.5786
1214 66.5786
1215 66.5786
1216 66.5786
1217 66.5786
1218 66.5786
1219 66.5786
1220 66.5786
1221 66.5786
1222 66.5786
1223 66.5786
1224 66.5786
1225 66.5786
1226 66.5786
1227 66.5786
1228 66.5786
1229 66.5786
1230 66.5786
1231 66.5786
1232 66.5786
1233 66.5786
1234 66.5786
1235 66.5786
1236 66.5786
1237 66.5786
1238 66.5786
1239 66.5786
1240 66.5786
1241 66.5786
1242 66.5786
1243 66.5786
1244 66.5786
1245 66.5786
1246 66.5786
1247 66.5786
1248 66.5786
1249 66.5786
1250 66.5786
1251 66.5786
1252 66.5786
1253 66.5786
1254 66.5786
1255 66.5786
1256 66.5786
1257 66.5786
1258 66.5786
1259 66.5786
1260 66.5786
1261 66.5786
1262 66.5786
1263 66.5786
1264 66.5786
1265 66.5786
1266 66.5786
1267 66.5786
1268 66.5786
1269 66.5786
1270 66.5786
1271 66.5786
1272 66.5786
1273 66.5786
1274 66.5786
1275 66.5786
1276 66.5786
1277 66.5786
1278 66.5786
1279 66.5786
1280 66.5786
1281 66.5786
1282 66.5786
1283 66.5786
1284 66.5786
1285 66.5786
1286 66.5786
1287 66.5786
1288 66.5786
1289 66.5786
1290 66.5786
1291 66.5786
1292 66.5786
1293 66.5786
1294 66.5786
1295 66.5786
1296 66.5786
1297 66.5786
1298 66.5786
1299 66.5786
1300 66.5786
1301 66.5786
1302 66.5786
1303 66.5786
1304 66.5786
1305 66.5786
1306 66.5786
1307 66.5786
1308 66.5786
1309 66.5786
1310 66.5786
1311 66.5786
1312 66.5786
1313 66.5786
1314 66.5786
1315 66.5786
1316 66.5786
1317 66.5786
1318 66.5786
1319 66.5786
1320 66.5786
1321 66.5786
1322 66.5786
1323 66.5786
1324 66.5786
1325 66.5786
1326 66.5786
1327 66.5786
1328 66.5786
1329 66.5786
1330 66.5786
1331 66.5786
1332 66.5786
1333 66.5786
1334 66.5786
1335 66.5786
1336 66.5786
1337 66.5786
1338 66.5786
1339 66.5786
1340 66.5786
1341 66.5786
1342 66.5786
1343 66.5786
1344 66.5786
1345 66.5786
1346 66.5786
1347 66.5786
1348 66.5786
1349 66.5786
1350 66.5786
1351 66.5786
1352 66.5786
1353 66.5786
1354 66.5786
1355 66.5786
1356 66.5786
1357 66.5786
1358 66.5786
1359 66.5786
1360 66.5786
1361 66.5786
1362 66.5786
1363 66.5786
1364 66.5786
1365 66.5786
1366 66.5786
1367 66.5786
1368 66.5786
1369 66.5786
1370 66.5786
1371 66.5786
1372 66.5786
1373 66.5786
1374 66.5786
1375 66.5786
1376 66.5786
1377 66.5786
1378 66.5786
1379 66.5786
1380 66.5786
1381 66.5786
1382 66.5786
1383 66.5786
1384 66.5786
1385 66.5786
1386 66.5786
1387 66.5786
1388 66.5786
1389 66.5786
1390 66.5786
1391 66.5786
1392 66.5786
1393 66.5786
1394 66.5786
1395 66.5786
1396 66.5786
1397 66.5786
1398 66.5786
1399 66.5786
1400 66.5786
1401 66.5786
1402 66.5786
1403 66.5786
1404 66.5786
1405 66.5786
1406 66.5786
1407 66.5786
1408 66.5786
1409 66.5786
1410 66.5786
1411 66.5786
1412 66.5786
1413 66.5786
1414 66.5786
1415 66.5786
1416 66.5786
1417 66.5786
1418 66.5786
1419 66.5786
1420 66.5786
1421 66.5786
1422 66.5786
1423 66.5786
1424 66.5786
1425 66.5786
1426 66.3846
1427 66.3846
1428 66.3846
1429 66.3846
1430 66.3846
1431 66.3846
1432 66.3846
1433 66.3846
1434 66.3846
1435 66.3846
1436 66.3846
1437 66.3846
1438 66.3846
1439 66.3846
1440 66.3846
1441 66.3846
1442 66.3846
1443 66.3846
1444 66.3846
1445 66.3846
1446 66.3846
1447 66.3846
1448 66.3846
1449 66.3846
1450 66.3846
1451 66.3846
1452 66.3846
1453 66.3846
1454 66.3846
1455 66.3846
1456 66.3846
1457 66.3846
1458 66.3846
1459 66.3846
1460 66.3846
1461 66.3846
1462 66.3846
1463 66.3846
1464 66.3846
1465 66.3846
1466 66.3846
1467 66.3846
1468 66.3846
1469 66.3846
1470 66.3846
1471 66.3846
1472 66.3846
1473 66.3846
1474 66.3846
1475 66.3846
1476 66.3846
1477 66.3846
1478 66.3846
1479 66.3846
1480 66.3846
1481 66.3846
1482 66.3846
1483 66.3846
1484 66.3846
1485 66.3846
1486 66.3846
1487 66.3846
1488 66.3846
1489 66.3846
1490 66.3846
1491 66.3846
1492 66.3846
1493 66.3846
1494 66.3846
1495 66.3846
1496 66.3846
1497 66.3846
1498 66.3846
1499 66.3846
1500 66.3846
1501 66.3846
1502 66.3846
1503 66.3846
1504 66.3846
1505 66.3846
1506 66.3846
1507 66.3846
1508 66.3846
1509 66.3846
1510 66.3846
1511 66.3846
1512 66.3846
1513 66.3846
1514 66.3846
1515 66.3846
1516 66.3846
1517 66.3846
1518 66.3846
1519 66.3846
1520 66.3846
1521 66.3846
1522 66.3846
1523 66.3846
1524 66.3846
1525 66.3846
1526 66.3846
1527 66.3846
1528 66.3846
1529 66.3846
1530 66.3846
1531 66.3846
1532 66.3846
1533 66.3846
1534 66.3846
1535 66.3846
1536 66.3846
1537 66.3846
1538 66.3846
1539 66.3846
1540 66.3846
1541 66.3846
1542 66.3846
1543 66.3846
1544 66.3846
1545 66.3846
1546 66.3846
1547 66.3846
1548 66.3846
1549 66.3846
1550 66.3846
1551 66.3846
1552 66.3846
1553 66.3846
1554 66.3846
1555 66.3846
1556 66.3846
1557 66.3846
1558 66.3846
1559 66.3846
1560 66.3846
1561 66.3846
1562 66.3846
1563 66.3846
1564 66.3846
1565 66.3846
1566 66.3846
1567 66.3846
1568 66.3846
1569 66.3846
1570 66.3846
1571 66.3846
1572 66.3846
1573 66.3846
1574 66.3846
1575 66.3846
1576 66.3846
1577 66.3846
1578 66.3846
1579 66.3846
1580 66.3846
1581 66.3846
1582 66.3846
1583 66.3846
1584 66.3846
1585 66.3846
1586 66.3846
1587 66.3846
1588 66.3846
1589 66.3846
1590 66.3846
1591 66.3846
1592 66.3846
1593 66.3846
1594 66.3846
1595 66.3846
1596 66.3846
1597 66.3846
1598 66.3846
1599 66.3846
1600 66.3846
1601 66.3846
1602 66.3846
1603 66.3846
1604 66.3846
1605 66.3846
1606 66.3846
1607 66.3846
1608 66.3846
1609 66.3846
1610 66.3846
1611 66.3846
1612 66.3846
1613 66.3846
1614 66.3846
1615 66.3846
1616 66.3846
1617 66.3846
1618 66.3846
1619 66.3846
1620 66.3846
1621 66.3846
1622 66.3846
1623 66.3846
1624 66.3846
1625 66.3846
1626 66.3846
1627 66.3846
1628 66.3846
1629 66.3846
1630 66.3846
1631 66.3846
1632 66.3846
1633 66.3846
1634 66.3846
1635 66.3846
1636 66.3846
1637 66.3846
1638 66.3846
1639 66.3846
1640 66.3846
1641 66.3846
1642 66.3846
1643 66.3846
1644 66.3846
1645 66.3846
1646 66.3846
1647 66.3846
1648 66.3846
1649 66.3846
1650 66.3846
1651 66.3846
1652 66.3846
1653 66.3846
1654 66.3846
1655 66.3846
1656 66.3846
1657 66.3846
1658 66.3846
1659 66.3846
1660 66.3846
1661 66.3846
1662 66.3846
1663 66.3846
1664 66.3846
1665 66.3846
1666 66.3846
1667 66.3846
1668 66.3846
1669 66.3846
1670 66.3846
1671 66.3846
1672 66.3846
1673 66.3846
1674 66.3846
1675 66.3846
1676 66.3846
1677 66.3846
1678 66.3846
1679 66.3846
1680 66.3846
1681 66.3846
1682 66.3846
1683 66.3846
1684 66.3846
1685 66.3846
1686 66.3846
1687 66.3846
1688 66.3846
1689 66.3846
1690 66.3846
1691 66.3846
1692 66.3846
1693 66.3846
1694 66.3846
1695 66.3846
1696 66.3846
1697 66.3846
1698 66.3846
1699 66.3846
1700 66.3846
1701 66.3846
1702 66.3846
1703 66.3846
1704 66.3846
1705 66.3846
1706 66.3846
1707 66.3846
1708 66.3846
1709 66.3846
1710 66.3846
1711 66.3846
1712 66.3846
1713 66.3846
1714 66.3846
1715 66.3846
1716 66.3846
1717 66.3846
1718 66.3846
1719 66.3846
1720 66.3846
1721 66.3846
1722 66.3846
1723 66.3846
1724 66.3846
1725 66.3846
1726 66.3846
1727 66.3846
1728 66.3846
1729 66.3846
1730 66.3846
1731 66.3846
1732 66.3846
1733 66.3846
1734 66.3846
1735 66.3846
1736 66.3846
1737 66.3846
1738 66.3846
1739 66.3846
1740 66.3846
1741 66.3846
1742 66.3846
1743 66.3846
1744 66.3846
1745 66.3846
1746 66.3846
1747 66.3846
1748 66.3846
1749 66.3846
1750 66.3846
1751 66.3846
1752 66.3846
1753 66.3846
1754 66.3846
1755 66.3846
1756 66.3846
1757 66.3846
1758 66.3846
1759 66.3846
1760 66.3846
1761 66.3846
1762 66.3846
1763 66.3846
1764 66.3846
1765 66.3846
1766 66.3846
1767 66.3846
1768 66.3846
1769 66.3846
1770 66.3846
1771 66.3846
1772 66.3846
1773 66.3846
1774 66.3846
1775 66.3846
1776 66.3846
1777 66.3846
1778 66.3846
1779 66.3846
1780 66.3846
1781 66.3846
1782 66.3846
1783 66.3846
1784 66.3846
1785 66.3846
1786 66.3846
1787 66.3846
1788 66.3846
1789 66.3846
1790 66.3846
1791 66.3846
1792 66.3846
1793 66.3846
1794 66.3846
1795 66.3846
1796 66.3846
1797 66.3846
1798 66.3846
1799 66.3846
1800 66.3846
1801 66.3846
1802 66.3846
1803 66.3846
1804 66.3846
1805 66.3846
1806 66.3846
1807 66.3846
1808 66.3846
1809 66.3846
1810 66.3846
1811 66.3846
1812 66.3846
1813 66.3846
1814 66.3846
1815 66.3846
1816 66.3846
1817 66.3846
1818 66.3846
1819 66.3846
1820 66.3846
1821 66.3846
1822 66.3846
1823 66.3846
1824 66.3846
1825 66.3846
1826 66.3846
1827 66.3846
1828 66.3846
1829 66.3846
1830 66.3846
1831 66.3846
1832 66.3846
1833 66.3846
1834 66.3846
1835 66.3846
1836 66.3846
1837 66.3846
1838 66.3846
1839 66.3846
1840 66.3846
1841 66.3846
1842 66.3846
1843 66.3846
1844 66.3846
1845 66.3846
1846 66.3846
1847 66.3846
1848 66.3846
1849 66.3846
1850 66.3846
1851 66.3846
1852 66.3846
1853 66.3846
1854 66.3846
1855 66.3846
1856 66.3846
1857 66.3846
1858 66.3846
1859 66.3846
1860 66.3846
1861 66.3846
1862 66.3846
1863 66.3846
1864 66.3846
1865 66.3846
1866 66.3846
1867 66.3846
1868 66.3846
1869 66.3846
1870 66.3846
1871 66.3846
1872 66.3846
1873 66.3846
1874 66.3846
1875 66.3846
1876 66.3846
1877 66.3846
1878 66.3846
1879 66.3846
1880 66.3846
1881 66.3846
1882 66.3846
1883 66.3846
1884 66.3846
1885 66.3846
1886 66.3846
1887 66.3846
1888 66.3846
1889 66.3846
1890 66.3846
1891 66.3846
1892 66.3846
1893 66.3846
1894 66.3846
1895 66.3846
1896 66.3846
1897 66.3846
1898 66.3846
1899 66.3846
1900 66.3846
1901 66.3846
1902 66.3846
1903 66.3846
1904 66.3846
1905 66.3846
1906 66.3846
1907 66.3846
1908 66.3846
1909 66.3846
1910 66.3846
1911 66.3846
1912 66.3846
1913 66.3846
1914 66.3846
1915 66.3846
1916 66.3846
1917 66.3846
1918 66.3846
1919 66.3846
1920 66.3846
1921 66.3846
1922 66.3846
1923 66.3846
1924 66.3846
1925 66.3846
1926 66.3846
1927 66.3846
1928 66.3846
1929 66.3846
1930 66.3846
1931 66.3846
1932 66.3846
1933 66.3846
1934 66.3846
1935 66.3846
1936 66.3846
1937 66.3846
1938 66.3846
1939 66.3846
1940 66.3846
1941 66.3846
1942 66.3846
1943 66.3846
1944 66.3846
1945 66.3846
1946 66.3846
1947 66.3846
1948 66.3846
1949 66.3846
1950 66.3846
1951 66.3846
1952 66.3846
1953 66.3846
1954 66.3846
1955 66.3846
1956 66.3846
1957 66.3846
1958 66.3846
1959 66.3846
1960 66.3846
1961 66.3846
1962 66.3846
1963 66.3846
1964 66.3846
1965 66.3846
1966 66.3846
1967 66.3846
1968 66.3846
1969 66.3846
1970 66.3846
1971 66.3846
1972 66.3846
1973 66.3846
1974 66.3846
1975 66.3846
1976 66.3846
1977 66.3846
1978 66.3846
1979 66.3846
1980 66.3846
1981 66.3846
1982 66.3846
1983 66.3846
1984 66.3846
1985 66.3846
1986 66.3846
1987 66.3846
1988 66.3846
1989 66.3846
1990 66.3846
1991 66.3846
1992 66.3846
1993 66.3846
1994 66.3846
1995 66.3846
1996 66.3846
1997 66.3846
1998 66.3846
1999 66.3846
