# VELOCITY:     AVE_POFV:        ERROR:
    0.126667 8.44298e-06 8.44298e-06           0
        0.38 6.29751e-05 6.29751e-05           0
    0.633333 0.000154861 0.000154861           0
    0.886667 0.000266009 0.000266009           0
        1.14 0.000360636 0.000360636           0
     1.39333  0.00043856  0.00043856           0
     1.64667 0.000484576 0.000484576           0
         1.9 0.000469627 0.000469627           0
     2.15333 0.000422953 0.000422953           0
     2.40667 0.000360344 0.000360344           0
        2.66  0.00028761  0.00028761           0
     2.91333  0.00021027  0.00021027           0
     3.16667 0.000155556 0.000155556           0
        3.42  0.00010307  0.00010307           0
     3.67333 6.70687e-05 6.70687e-05           0
     3.92667 4.03874e-05 4.03874e-05           0
        4.18 2.60599e-05 2.60599e-05           0
     4.43333 1.35965e-05 1.35965e-05           0
     4.68667 7.49269e-06 7.49269e-06           0
        4.94 3.72807e-06 3.72807e-06           0
     5.19333 1.57164e-06 1.57164e-06           0
     5.44667 1.02339e-06 1.02339e-06           0
         5.7 5.48246e-07 5.48246e-07           0
     5.95333 2.92398e-07 2.92398e-07           0
     6.20667 1.09649e-07 1.09649e-07           0
        6.46           0           0           0
     6.71333           0           0           0
     6.96667           0           0           0
        7.22           0           0           0
     7.47333           0           0           0

    0.126667 3.17982e-06  5.8114e-06 1.86081e-06
        0.38 2.61696e-05 4.45724e-05 1.30127e-05
    0.633333 7.06871e-05 0.000112774   2.976e-05
    0.886667 0.000124598 0.000195303 4.99963e-05
        1.14 0.000183772 0.000272204 6.25309e-05
     1.39333 0.000225585 0.000332072 7.52981e-05
     1.64667 0.000261952 0.000373264 7.87096e-05
         1.9 0.000270249 0.000369938  7.0491e-05
     2.15333 0.000276791 0.000349872 5.16762e-05
     2.40667 0.000249635 0.000304989 3.91416e-05
        2.66 0.000219993 0.000253801 2.39062e-05
     2.91333 0.000176352 0.000193311 1.19919e-05
     3.16667 0.000142836 0.000149196 4.49695e-06
        3.42 0.000112865 0.000107968 3.46317e-06
     3.67333 8.48684e-05 7.59686e-05 6.29315e-06
     3.92667 5.93202e-05 4.98538e-05 6.69374e-06
        4.18 4.18129e-05 3.39364e-05  5.5695e-06
     4.43333 3.04825e-05 2.20395e-05 5.97009e-06
     4.68667 1.92982e-05 1.33955e-05 4.17389e-06
        4.94 1.23538e-05 8.04094e-06 3.04966e-06
     5.19333 8.29678e-06 4.93421e-06  2.3777e-06
     5.44667 5.44591e-06 3.23465e-06  1.5636e-06
         5.7 4.42251e-06 2.48538e-06 1.36976e-06
     5.95333 2.63158e-06 1.46199e-06 8.27025e-07
     6.20667 1.86404e-06 9.86842e-07 6.20269e-07
        6.46 1.75439e-06 8.77193e-07 6.20269e-07
     6.71333 7.30994e-07 3.65497e-07 2.58445e-07
     6.96667 6.94444e-07 3.47222e-07 2.45523e-07
        7.22 6.57895e-07 3.28947e-07 2.32601e-07
     7.47333 9.86842e-07 4.93421e-07 3.48901e-07

    0.126667           0 3.87427e-06 2.01012e-06
        0.38           0 2.97149e-05 1.49138e-05
    0.633333           0 7.51827e-05 3.65472e-05
    0.886667           0 0.000130202 6.27406e-05
        1.14           0 0.000181469 8.50079e-05
     1.39333           0 0.000221382 0.000103384
     1.64667           0 0.000248843 0.000114341
         1.9           0 0.000246625 0.000111112
     2.15333 3.65497e-08  0.00023326 0.000101254
     2.40667           0 0.000203326 8.70124e-05
        2.66           0 0.000169201 7.08907e-05
     2.91333           0 0.000128874 5.32166e-05
     3.16667 3.65497e-08 9.94761e-05 4.07066e-05
        3.42 1.46199e-07 7.20273e-05  2.9436e-05
     3.67333 7.30994e-08 5.06701e-05 2.10779e-05
     3.92667 2.19298e-07  3.3309e-05 1.42268e-05
        4.18 3.65497e-08 2.26365e-05 9.94547e-06
     4.43333 1.46199e-07 1.47417e-05 7.16559e-06
     4.68667 1.46199e-07 8.97904e-06 4.55478e-06
        4.94 1.46199e-07 5.40936e-06 2.95809e-06
     5.19333 1.09649e-07 3.32602e-06 2.05835e-06
     5.44667 2.92398e-07  2.2539e-06 1.31447e-06
         5.7 2.55848e-07  1.7422e-06  1.0964e-06
     5.95333 1.82749e-07 1.03558e-06 6.52078e-07
     6.20667 2.19298e-07 7.30994e-07 4.63283e-07
        6.46 5.48246e-07 7.67544e-07 4.23093e-07
     6.71333 2.19298e-07 3.16764e-07 1.76832e-07
     6.96667 2.92398e-07 3.28947e-07 1.64361e-07
        7.22 2.55848e-07 3.04581e-07 1.56338e-07
     7.47333 5.84795e-07 5.23879e-07 2.33927e-07

    0.126667           0  2.9057e-06 1.72523e-06
        0.38           0 2.22862e-05 1.29035e-05
    0.633333           0 5.63871e-05 3.18793e-05
    0.886667           0 9.76517e-05 5.48532e-05
        1.14 3.65497e-08 0.000136111 7.48855e-05
     1.39333           0 0.000166036 9.11562e-05
     1.64667           0 0.000186632 0.000101275
         1.9 3.65497e-08 0.000184978 9.89686e-05
     2.15333 1.09649e-07 0.000174973  9.1187e-05
     2.40667 7.30994e-08 0.000152513   7.871e-05
        2.66           0 0.000126901 6.45664e-05
     2.91333 7.30994e-08  9.6674e-05 4.86893e-05
     3.16667 7.30994e-08 7.46254e-05  3.7353e-05
        3.42 3.65497e-08 5.40296e-05 2.70247e-05
     3.67333 1.09649e-07   3.803e-05 1.92285e-05
     3.92667 1.09649e-07 2.50091e-05 1.28653e-05
        4.18 1.09649e-07 1.70048e-05 8.91208e-06
     4.43333 2.19298e-07 1.11111e-05 6.22639e-06
     4.68667 3.65497e-08 6.74342e-06  3.9266e-06
        4.94           0 4.05702e-06 2.50872e-06
     5.19333 1.46199e-07 2.53107e-06 1.69032e-06
     5.44667 2.55848e-07 1.75439e-06 1.07659e-06
         5.7 2.19298e-07 1.36148e-06 8.85942e-07
     5.95333 1.82749e-07 8.22368e-07 5.22753e-07
     6.20667 2.55848e-07 6.12208e-07 3.62371e-07
        6.46 2.92398e-07 6.48757e-07 3.33579e-07
     6.71333 2.55848e-07 3.01535e-07 1.33278e-07
     6.96667 1.82749e-07 2.92398e-07  1.2727e-07
        7.22 3.28947e-07 3.10673e-07 1.17372e-07
     7.47333 3.65497e-07 4.84284e-07 1.78765e-07

    0.126667           0 2.32456e-06 1.47482e-06
        0.38           0 1.78289e-05 1.10659e-05
    0.633333           0 4.51096e-05 2.74257e-05
    0.886667           0 7.81213e-05 4.72316e-05
        1.14           0 0.000108889 6.46673e-05
     1.39333           0 0.000132829 7.87415e-05
     1.64667           0 0.000149306 8.76292e-05
         1.9 3.65497e-08  0.00014799 8.58089e-05
     2.15333 3.65497e-08 0.000139985 7.93784e-05
     2.40667           0  0.00012201 6.86243e-05
        2.66           0  0.00010152 5.64213e-05
     2.91333           0 7.73392e-05 4.26179e-05
     3.16667 1.09649e-07 5.97222e-05 3.27207e-05
        3.42 3.65497e-08  4.3231e-05 2.36791e-05
     3.67333 1.46199e-07 3.04532e-05 1.68094e-05
     3.92667 1.09649e-07 2.00292e-05 1.12147e-05
        4.18 7.30994e-08 1.36184e-05 7.74635e-06
     4.43333 1.46199e-07 8.91813e-06 5.35339e-06
     4.68667 1.09649e-07 5.41667e-06 3.35795e-06
        4.94 2.19298e-07 3.28947e-06 2.12114e-06
     5.19333 3.28947e-07 2.09064e-06 1.40846e-06
     5.44667 2.19298e-07 1.44737e-06 9.03989e-07
         5.7 3.28947e-07 1.15497e-06 7.32425e-07
     5.95333 1.46199e-07 6.87135e-07 4.35344e-07
     6.20667 2.19298e-07 5.33626e-07 2.98296e-07
        6.46 2.19298e-07 5.62865e-07 2.77701e-07
     6.71333 2.19298e-07 2.85088e-07 1.07633e-07
     6.96667 2.19298e-07 2.77778e-07 1.02652e-07
        7.22 5.84795e-07 3.65497e-07 1.05931e-07
     7.47333 4.38596e-07 4.75146e-07 1.43245e-07

    0.126667           0 1.93713e-06 1.27889e-06
        0.38           0 1.48575e-05 9.61228e-06
    0.633333           0 3.75914e-05  2.3863e-05
    0.886667           0 6.51011e-05 4.11151e-05
        1.14           0 9.07407e-05 5.63785e-05
     1.39333 1.09649e-07 0.000110709 6.86546e-05
     1.64667 1.46199e-07 0.000124446 7.64694e-05
         1.9           0 0.000123325 7.49685e-05
     2.15333 3.65497e-08 0.000116661 6.94911e-05
     2.40667 3.65497e-08 0.000101681 6.01226e-05
        2.66           0 8.46004e-05 4.94898e-05
     2.91333 3.65497e-08 6.44554e-05 3.74117e-05
     3.16667           0 4.97685e-05 2.87413e-05
        3.42 1.46199e-07 3.60502e-05 2.07929e-05
     3.67333 1.09649e-07  2.5396e-05  1.4749e-05
     3.92667 3.65497e-08 1.66971e-05 9.82816e-06
        4.18 1.46199e-07 1.13731e-05  6.7729e-06
     4.43333 3.28947e-07  7.4866e-06 4.64862e-06
     4.68667 2.55848e-07 4.55653e-06 2.90637e-06
        4.94 1.46199e-07 2.76559e-06 1.83117e-06
     5.19333 1.09649e-07 1.76048e-06  1.2118e-06
     5.44667 2.19298e-07 1.24269e-06  7.7615e-07
         5.7 7.30994e-08 9.74659e-07  6.3216e-07
     5.95333 2.19298e-07 6.09162e-07 3.69703e-07
     6.20667 1.46199e-07 4.69055e-07 2.55473e-07
        6.46 2.19298e-07 5.05604e-07 2.37247e-07
     6.71333 2.92398e-07 2.86306e-07 8.97007e-08
     6.96667 2.19298e-07 2.68031e-07 8.60048e-08
        7.22 4.75146e-07 3.83772e-07 8.98385e-08
     7.47333 4.38596e-07 4.69055e-07   1.195e-07

    0.126667           0  1.6604e-06 1.12574e-06
        0.38           0  1.2735e-05 8.47019e-06
    0.633333           0 3.22212e-05 2.10496e-05
    0.886667           0  5.5801e-05 3.62781e-05
        1.14 3.65497e-08  7.7783e-05 4.97912e-05
     1.39333 3.65497e-08 9.48987e-05   6.064e-05
     1.64667           0 0.000106668 6.75801e-05
         1.9 3.65497e-08 0.000105712 6.62953e-05
     2.15333           0 9.99948e-05 6.15298e-05
     2.40667           0 8.71554e-05 5.32596e-05
        2.66           0 7.25146e-05 4.38708e-05
     2.91333 7.30994e-08 5.52579e-05 3.31785e-05
     3.16667 3.65497e-08  4.2664e-05 2.54984e-05
        3.42 3.65497e-08 3.09054e-05  1.8448e-05
     3.67333 7.30994e-08 2.17784e-05 1.30781e-05
     3.92667 7.30994e-08 1.43223e-05 8.70634e-06
        4.18 3.65497e-08 9.75355e-06 5.99584e-06
     4.43333 1.46199e-07 6.43797e-06  4.1011e-06
     4.68667 1.46199e-07 3.92648e-06 2.55855e-06
        4.94 2.92398e-07 2.41228e-06  1.6033e-06
     5.19333 3.65497e-08  1.5142e-06 1.06342e-06
     5.44667 1.82749e-07 1.09127e-06 6.79881e-07
         5.7 1.46199e-07 8.56307e-07 5.52819e-07
     5.95333 1.09649e-07 5.37803e-07 3.23702e-07
     6.20667 2.92398e-07 4.43818e-07  2.2022e-07
        6.46 2.19298e-07 4.64703e-07 2.06851e-07
     6.71333 2.92398e-07 2.87176e-07 7.68905e-08
     6.96667 5.48246e-07 3.08062e-07 8.25102e-08
        7.22 2.55848e-07 3.65497e-07 7.88412e-08
     7.47333 4.75146e-07 4.69925e-07 1.02432e-07

    0.126667           0 1.45285e-06 1.00397e-06
        0.38           0 1.11431e-05 7.55952e-06
    0.633333           0 2.81935e-05 1.87998e-05
    0.886667           0 4.88258e-05  3.2407e-05
        1.14 3.65497e-08 6.80647e-05 4.45056e-05
     1.39333 3.65497e-08 8.30409e-05 5.42069e-05
     1.64667           0 9.33342e-05 6.04336e-05
         1.9 7.30994e-08 9.25073e-05 5.93089e-05
     2.15333           0 8.74954e-05 5.50935e-05
     2.40667 3.65497e-08 7.62655e-05 4.77024e-05
        2.66 7.30994e-08 6.34594e-05 3.93103e-05
     2.91333 3.65497e-08 4.83553e-05 2.97405e-05
     3.16667           0  3.7331e-05  2.2862e-05
        3.42 7.30994e-08 2.70514e-05 1.65397e-05
     3.67333 3.65497e-08 1.90607e-05 1.17223e-05
     3.92667 1.09649e-07 1.25457e-05  7.7972e-06
        4.18 3.65497e-08 8.53893e-06 5.36798e-06
     4.43333 1.82749e-07 5.65607e-06 3.66224e-06
     4.68667 1.09649e-07 3.44938e-06 2.28278e-06
        4.94 2.92398e-07  2.1473e-06 1.42461e-06
     5.19333 1.46199e-07  1.3432e-06 9.44139e-07
     5.44667 1.09649e-07 9.68567e-07 6.05867e-07
         5.7 2.92398e-07 7.85819e-07  4.8819e-07
     5.95333 1.82749e-07 4.93421e-07 2.86266e-07
     6.20667 1.09649e-07 4.02047e-07 1.96614e-07
        6.46 2.55848e-07 4.38596e-07 1.82634e-07
     6.71333 4.75146e-07 3.10673e-07 7.07782e-08
     6.96667 3.28947e-07 3.10673e-07 7.22377e-08
        7.22 2.92398e-07  3.5636e-07 6.95135e-08
     7.47333 5.11696e-07 4.75146e-07  8.9761e-08

    0.126667           0 1.29142e-06 9.05302e-07
        0.38           0 9.90497e-06 6.82021e-06
    0.633333           0 2.50609e-05 1.69699e-05
    0.886667           0 4.34007e-05 2.92568e-05
        1.14           0 6.05019e-05  4.0198e-05
     1.39333 3.65497e-08 7.38182e-05 4.89622e-05
     1.64667 3.65497e-08 8.29678e-05 5.46007e-05
         1.9 3.65497e-08 8.22328e-05 5.36016e-05
     2.15333 3.65497e-08 7.77778e-05 4.98217e-05
     2.40667 1.82749e-07 6.78119e-05 4.31447e-05
        2.66 7.30994e-08 5.64165e-05 3.55678e-05
     2.91333 3.65497e-08 4.29865e-05 2.69163e-05
     3.16667 7.30994e-08 3.31912e-05 2.06932e-05
        3.42 3.65497e-08 2.40497e-05 1.49718e-05
     3.67333 7.30994e-08 1.69509e-05  1.0608e-05
     3.92667 1.82749e-07  1.1172e-05 7.05081e-06
        4.18 1.09649e-07 7.60234e-06 4.85256e-06
     4.43333 1.09649e-07  5.0398e-06 3.30677e-06
     4.68667 1.82749e-07 3.08642e-06 2.05779e-06
        4.94 3.65497e-08 1.91277e-06 1.28548e-06
     5.19333 7.30994e-08 1.20208e-06 8.49716e-07
     5.44667 1.09649e-07 8.73132e-07 5.46013e-07
         5.7 1.46199e-07  7.1475e-07 4.39089e-07
     5.95333 2.19298e-07 4.62963e-07 2.56073e-07
     6.20667 1.82749e-07  3.7768e-07 1.76271e-07
        6.46 1.82749e-07 4.10169e-07 1.64539e-07
     6.71333 3.65497e-07 3.16764e-07 6.31756e-08
     6.96667 2.55848e-07 3.04581e-07 6.44676e-08
        7.22 3.28947e-07 3.53314e-07 6.18565e-08
     7.47333 5.11696e-07 4.79207e-07 7.98794e-08

    0.126667           0 1.16228e-06 8.23931e-07
        0.38           0 8.91447e-06  6.2097e-06
    0.633333           0 2.25548e-05 1.54569e-05
    0.886667           0 3.90607e-05 2.66511e-05
        1.14           0 5.44518e-05 3.66307e-05
     1.39333           0 6.64364e-05  4.4619e-05
     1.64667           0 7.46711e-05  4.9767e-05
         1.9 3.65497e-08 7.40132e-05 4.88676e-05
     2.15333           0       7e-05 4.54426e-05
     2.40667 3.65497e-08 6.10344e-05  3.9359e-05
        2.66 3.65497e-08 5.07785e-05 3.24548e-05
     2.91333           0 3.86879e-05 2.45655e-05
     3.16667 3.65497e-08 2.98757e-05 1.88876e-05
        3.42 7.30994e-08  2.1652e-05 1.36653e-05
     3.67333 1.09649e-07 1.52668e-05 9.67997e-06
     3.92667           0 1.00548e-05 6.43363e-06
        4.18 1.09649e-07 6.85307e-06 4.42477e-06
     4.43333 7.30994e-08 4.54313e-06 3.01316e-06
     4.68667 1.82749e-07 2.79605e-06 1.87239e-06
        4.94 2.19298e-07 1.74342e-06 1.16804e-06
     5.19333 2.19298e-07  1.1038e-06 7.70407e-07
     5.44667 7.30994e-08 7.93129e-07 4.97239e-07
         5.7 1.46199e-07 6.57895e-07 3.98844e-07
     5.95333 1.46199e-07 4.31287e-07 2.32417e-07
     6.20667 1.46199e-07 3.54532e-07 1.60157e-07
        6.46 3.28947e-07 4.02047e-07 1.48286e-07
     6.71333 1.09649e-07 2.96053e-07 6.01573e-08
     6.96667 1.82749e-07 2.92398e-07 5.91609e-08
        7.22 4.02047e-07 3.58187e-07 5.58625e-08
     7.47333 1.82749e-07 4.49561e-07 7.71969e-08

