#     BLOCK:  ACTUAL_PE:     PE_AVE:      ERROR:
           1    -1.46473    -1.46473           0
           2    -1.40071    -1.43272   0.0226346
           3     -1.2561    -1.37385   0.0503837
           4    -1.11804    -1.30989   0.0670474
           5    -1.11166    -1.27025   0.0642998
           6    -1.01127    -1.22708   0.0665113
           7   -0.864855    -1.17534    0.074467
           8   -0.734017    -1.12017    0.083117
           9   -0.662553    -1.06933   0.0880717
          10   -0.574292    -1.01982   0.0921325
          11    -0.54435   -0.976598   0.0933474
          12   -0.553856   -0.941369    0.091976
          13   -0.527104   -0.909503   0.0902526
          14   -0.517888    -0.88153   0.0880342
          15   -0.520978   -0.857493   0.0853837
          16   -0.485393   -0.834237   0.0831541
          17   -0.490669   -0.814027   0.0806813
          18   -0.429359   -0.792657   0.0789785
          19   -0.408017   -0.772413   0.0773728
          20   -0.440872   -0.755836    0.075259
          21   -0.421879   -0.739933   0.0733362
          22   -0.439338    -0.72627   0.0712642
          23   -0.396577   -0.711935   0.0695925
          24   -0.408585   -0.699295   0.0678309
          25   -0.429535   -0.688505   0.0659703
          26   -0.396015   -0.677255    0.064385
          27   -0.381312   -0.666295   0.0629265
          28   -0.388562   -0.656376   0.0614559
          29   -0.360273   -0.646165   0.0601789
          30   -0.397576   -0.637879   0.0587407
          31   -0.410946   -0.630558   0.0573002
          32   -0.391967   -0.623102   0.0559925
          33    -0.43212   -0.617315   0.0545941
          34   -0.395698   -0.610797    0.053376
          35   -0.390463   -0.604502   0.0522209
          36   -0.416091   -0.599268   0.0510319
          37   -0.477409   -0.595975   0.0497589
          38   -0.438749   -0.591837   0.0486211
          39   -0.385766   -0.586553   0.0476607
          40    -0.36722    -0.58107   0.0467835
          41   -0.355652   -0.575572   0.0459644
          42   -0.376073   -0.570822   0.0451148
          43   -0.380996   -0.566407    0.044281
          44   -0.402729   -0.562687   0.0434306
          45   -0.357615    -0.55813   0.0427039
          46   -0.340597   -0.553401   0.0420366
          47   -0.345601    -0.54898   0.0413741
          48   -0.287336   -0.543529   0.0408696
          49   -0.301359   -0.538587   0.0403332
          50   -0.315058   -0.534116   0.0397736
          51   -0.339206   -0.530294   0.0391769
          52   -0.328031   -0.526405   0.0386161
          53   -0.321845   -0.522545   0.0380799
          54   -0.339021   -0.519146    0.037526
          55   -0.331659   -0.515738   0.0369983
          56      -0.329   -0.512403   0.0364875
          57   -0.379059   -0.510064   0.0359223
          58   -0.403726    -0.50823   0.0353497
          59   -0.453536   -0.507303   0.0347627
          60   -0.444426   -0.506255   0.0341991
          61   -0.443687    -0.50523   0.0336539
          62   -0.420791   -0.503868   0.0331386
          63   -0.457656   -0.503134   0.0326207
          64   -0.461435   -0.502483   0.0321175
          65   -0.444386   -0.501589   0.0316359
          66   -0.428267   -0.500478    0.031176
          67    -0.41215    -0.49916   0.0307386
          68    -0.40518   -0.497777   0.0303176
          69   -0.407255   -0.496466   0.0299066
          70    -0.41349    -0.49528   0.0295028
          71   -0.408632    -0.49406   0.0291125
          72   -0.393723   -0.492666   0.0287415
          73   -0.451285   -0.492099   0.0283534
          74   -0.440229   -0.491398   0.0279789
          75   -0.422617   -0.490481   0.0276209
          76   -0.429758   -0.489682    0.027269
          77   -0.423732   -0.488826   0.0269283
          78   -0.449596   -0.488323   0.0265877
          79   -0.429281   -0.487576   0.0262617
          80   -0.407645   -0.486576   0.0259524
          81   -0.446523   -0.486082   0.0256367
          82   -0.455532   -0.485709   0.0253268
          83   -0.426204   -0.484992   0.0250318
          84   -0.416133   -0.484173   0.0247472
          85   -0.443279   -0.483692   0.0244608
          86   -0.439855   -0.483182   0.0241816
          87   -0.464652   -0.482969   0.0239046
          88   -0.462394   -0.482735   0.0236341
          89   -0.419622   -0.482026   0.0233792
          90    -0.42914   -0.481438   0.0231268
          91   -0.453779   -0.481134   0.0228747
          92   -0.459648   -0.480901   0.0226272
          93   -0.436289   -0.480421    0.022389
          94   -0.449529   -0.480092   0.0221532
          95    -0.48126   -0.480105   0.0219201
          96   -0.498928   -0.480301   0.0216926
          97   -0.426777   -0.479749    0.021476
          98   -0.439124   -0.479334   0.0212608
          99   -0.458605   -0.479125   0.0210471
         100   -0.501472   -0.479349   0.0208378
         101   -0.472438    -0.47928   0.0206316
         102    -0.40623   -0.478564   0.0204418
         103   -0.355899   -0.477373    0.020278
         104   -0.379088   -0.476428    0.020105
         105   -0.410844   -0.475803   0.0199232
         106   -0.416469   -0.475244   0.0197431
         107   -0.432486   -0.474844   0.0195627
         108   -0.450586   -0.474619   0.0193828
         109   -0.428581   -0.474197   0.0192096
         110    -0.37476   -0.473293   0.0190562
         111     -0.3624   -0.472294   0.0189107
         112   -0.414631   -0.471779   0.0187489
         113   -0.413696   -0.471265     0.01859
         114   -0.374299   -0.470415   0.0184464
         115   -0.392901   -0.469741   0.0182983
         116   -0.427371   -0.469375   0.0181442
         117   -0.491134   -0.469561   0.0179901
         118   -0.485908     -0.4697   0.0178381
         119   -0.407292   -0.469175   0.0176959
         120   -0.424395   -0.468802   0.0175524
         121   -0.470399   -0.468815   0.0174074
         122    -0.49736   -0.469049   0.0172662
         123   -0.507041   -0.469358   0.0171286
         124   -0.463426    -0.46931   0.0169906
         125   -0.398544   -0.468744   0.0168641
         126   -0.375931   -0.468008   0.0167463
         127   -0.431653   -0.467721   0.0166169
         128   -0.490506   -0.467899    0.016488
         129    -0.50195   -0.468163   0.0163623
         130   -0.531104   -0.468648   0.0162436
         131   -0.504825   -0.468924    0.016122
         132   -0.467404   -0.468912   0.0159998
         133   -0.486717   -0.469046   0.0158801
         134   -0.441054   -0.468837    0.015763
         135   -0.439671   -0.468621   0.0156477
         136   -0.462507   -0.468576   0.0155327
         137   -0.447255   -0.468421   0.0154201
         138   -0.426044   -0.468113   0.0153114
         139   -0.428071   -0.467825    0.015204
         140   -0.419649   -0.467481   0.0150993
         141   -0.388082   -0.466918   0.0150027
         142   -0.355602   -0.466134   0.0149175
         143   -0.417135   -0.465792   0.0148171
         144   -0.407612   -0.465388   0.0147197
         145   -0.393808   -0.464894   0.0146265
         146   -0.433195   -0.464677   0.0145279
         147   -0.376852   -0.464079   0.0144414
         148   -0.350463   -0.463312   0.0143642
         149   -0.365525   -0.462655   0.0142828
         150   -0.381253   -0.462113   0.0141978
         151   -0.377359   -0.461551   0.0141149
         152   -0.436519   -0.461387    0.014023
         153   -0.454308    -0.46134   0.0139314
         154   -0.458586   -0.461323    0.013841
         155   -0.459259   -0.461309   0.0137517
         156   -0.455103   -0.461269   0.0136636
         157    -0.46594   -0.461299   0.0135766
         158    -0.43096   -0.461107    0.013492
         159   -0.400713   -0.460727   0.0134125
         160   -0.396597   -0.460327   0.0133347
         161   -0.405019   -0.459983   0.0132563
         162   -0.406212   -0.459651   0.0131786
         163   -0.389374    -0.45922   0.0131048
         164   -0.435759   -0.459077   0.0130257
         165   -0.449506   -0.459019   0.0129469
         166   -0.427078   -0.458826   0.0128703
         167   -0.425168   -0.458625   0.0127948
         168   -0.422432    -0.45841   0.0127205
         169   -0.379233   -0.457941   0.0126538
         170   -0.367794   -0.457411   0.0125905
         171   -0.377304   -0.456942   0.0125256
         172    -0.36079   -0.456383   0.0124652
         173   -0.382584   -0.455957   0.0124005
         174   -0.383211   -0.455539   0.0123362
         175   -0.349099    -0.45493   0.0122807
         176   -0.375458   -0.454479   0.0122193
         177   -0.379001   -0.454052   0.0121577
         178   -0.357171   -0.453508   0.0121015
         179    -0.33889   -0.452868   0.0120509
         180   -0.378928   -0.452457   0.0119909
         181   -0.384035   -0.452079   0.0119306
         182   -0.347365   -0.451504   0.0118789
         183   -0.306809   -0.450713   0.0118403
         184   -0.322677   -0.450017   0.0117964
         185   -0.334462   -0.449392   0.0117491
         186   -0.317432   -0.448683   0.0117074
         187   -0.321749   -0.448004   0.0116644
         188   -0.366449    -0.44757   0.0116104
         189   -0.392051   -0.447277   0.0115527
         190   -0.370663   -0.446873    0.011499
         191   -0.368212   -0.446462   0.0114461
         192   -0.367898   -0.446052   0.0113938
         193   -0.400082   -0.445814   0.0113373
         194    -0.43087   -0.445737   0.0112791
         195   -0.407159   -0.445539    0.011223
         196   -0.434626   -0.445484   0.0111659
         197   -0.445562   -0.445484   0.0111092
         198   -0.419992   -0.445355   0.0110538
         199   -0.461988   -0.445439   0.0109986
         200   -0.431259   -0.445368   0.0109438
