#     BLOCK:   ACTUAL_T:     T_AVE:       ERROR:
           1     1.95394     1.95394           0
           2      1.9125     1.93322   0.0146524
           3     1.81648     1.89431   0.0332403
           4     1.72478     1.85193   0.0443706
           5     1.72011     1.82556   0.0426146
           6     1.65407     1.79698   0.0440667
           7     1.55688     1.76268   0.0493466
           8     1.46951     1.72604   0.0551314
           9     1.42239      1.6923    0.058424
          10     1.36357     1.65942   0.0611339
          11     1.34363     1.63072   0.0619514
          12     1.35009     1.60733   0.0610433
          13     1.33253     1.58619    0.059896
          14     1.32609     1.56761   0.0584282
          15     1.32847     1.55167   0.0566664
          16     1.30449     1.53622   0.0551905
          17     1.30817     1.52281   0.0535494
          18     1.26749     1.50862   0.0524194
          19     1.25295     1.49517   0.0513586
          20     1.27474     1.48414   0.0499593
          21     1.26229     1.47358   0.0486844
          22     1.27404     1.46451   0.0473089
          23     1.24532     1.45498   0.0462019
          24     1.25345     1.44658   0.0450334
          25     1.26725     1.43941   0.0437997
          26     1.24521     1.43194   0.0427472
          27     1.23528     1.42466   0.0417799
          28      1.2398     1.41805    0.040806
          29     1.22141     1.41127   0.0399584
          30     1.24572     1.40575   0.0390056
          31     1.25511      1.4009   0.0380489
          32     1.24214     1.39593   0.0371819
          33     1.26904     1.39209   0.0362534
          34     1.24501     1.38776   0.0354443
          35     1.24118     1.38358   0.0346781
          36     1.25825     1.38009   0.0338892
          37     1.29924     1.37791   0.0330436
          38      1.2737     1.37517   0.0322876
          39     1.23842     1.37166   0.0316496
          40     1.22568     1.36801    0.031068
          41     1.21815     1.36436   0.0305245
          42     1.23167      1.3612   0.0299608
          43     1.23494     1.35826   0.0294075
          44     1.24946     1.35579   0.0288429
          45     1.21985     1.35277   0.0283597
          46     1.20789     1.34962   0.0279175
          47     1.21156     1.34668   0.0274776
          48     1.17283     1.34306   0.0271429
          49     1.18186     1.33977   0.0267875
          50      1.1911     1.33679   0.0264163
          51     1.20711     1.33425   0.0260204
          52     1.19984     1.33167   0.0256481
          53     1.19573      1.3291   0.0252921
          54     1.20693     1.32684   0.0249247
          55     1.20209     1.32457   0.0245745
          56     1.20008     1.32235    0.024236
          57      1.2334     1.32079    0.023861
          58     1.24994     1.31957   0.0234809
          59     1.28294     1.31895   0.0230911
          60     1.27725     1.31825   0.0227167
          61     1.27663     1.31757   0.0223545
          62      1.2614     1.31666   0.0220123
          63     1.28574     1.31617   0.0216684
          64     1.28875     1.31574   0.0213341
          65     1.27697     1.31515   0.0210142
          66     1.26652     1.31441   0.0207087
          67     1.25564     1.31353   0.0204182
          68     1.25105     1.31261   0.0201386
          69      1.2524     1.31174   0.0198656
          70     1.25643     1.31095   0.0195975
          71     1.25345     1.31014   0.0193382
          72     1.24325     1.30921    0.019092
          73     1.28178     1.30884   0.0188341
          74     1.27463     1.30837   0.0185853
          75     1.26269     1.30777   0.0183475
          76     1.26764     1.30724   0.0181136
          77     1.26346     1.30667   0.0178873
          78     1.28073     1.30634   0.0176611
          79     1.26738     1.30584   0.0174444
          80      1.2527     1.30518    0.017239
          81      1.2787     1.30485   0.0170293
          82     1.28476     1.30461   0.0168234
          83     1.26533     1.30413   0.0166273
          84      1.2585     1.30359   0.0164382
          85      1.2763     1.30327    0.016248
          86     1.27443     1.30293   0.0160625
          87     1.29059     1.30279   0.0158785
          88     1.28942     1.30264   0.0156988
          89     1.26081     1.30217   0.0155295
          90     1.26709     1.30178   0.0153618
          91     1.28348     1.30158   0.0151943
          92     1.28741     1.30142   0.0150299
          93       1.272     1.30111   0.0148716
          94     1.28072     1.30089    0.014715
          95     1.30164      1.3009   0.0145601
          96     1.31379     1.30103   0.0144091
          97     1.26582     1.30067   0.0142651
          98     1.27375      1.3004   0.0141222
          99     1.28661     1.30026   0.0139802
         100     1.31515     1.30041   0.0138412
         101     1.29629     1.30036   0.0137042
         102     1.25205     1.29989   0.0135781
         103     1.21858      1.2991   0.0134692
         104     1.23359     1.29847   0.0133544
         105     1.25489     1.29806   0.0132336
         106     1.25845     1.29768   0.0131141
         107     1.26943     1.29742   0.0129942
         108     1.28134     1.29727   0.0128747
         109     1.26717     1.29699   0.0127595
         110     1.23103     1.29639   0.0126576
         111     1.22263     1.29573    0.012561
         112     1.25729     1.29539   0.0124536
         113     1.25698     1.29505    0.012348
         114     1.23072     1.29448   0.0122526
         115     1.24292     1.29403   0.0121542
         116     1.26582     1.29379   0.0120519
         117      1.3083     1.29391   0.0119495
         118     1.30512     1.29401   0.0118486
         119     1.25295     1.29366   0.0117541
         120     1.26351     1.29341   0.0116588
         121     1.29456     1.29342   0.0115625
         122     1.31234     1.29358   0.0114687
         123     1.31907     1.29379   0.0113774
         124     1.29019     1.29376   0.0112856
         125     1.24692     1.29338   0.0112016
         126      1.2315     1.29289   0.0111234
         127     1.26854      1.2927   0.0110375
         128     1.30773     1.29282   0.0109519
         129     1.31553     1.29299   0.0108684
         130     1.33506     1.29332   0.0107896
         131     1.31758      1.2935   0.0107089
         132     1.29233     1.29349   0.0106277
         133     1.30539     1.29358   0.0105482
         134     1.27526     1.29345   0.0104704
         135     1.27385      1.2933   0.0103938
         136     1.28968     1.29327   0.0103174
         137     1.27895     1.29317   0.0102426
         138     1.26504     1.29296   0.0101704
         139     1.26624     1.29277   0.0100991
         140     1.26088     1.29254   0.0100295
         141     1.23976     1.29217  0.00996538
         142     1.21805     1.29165  0.00990887
         143     1.25895     1.29142  0.00984221
         144     1.25292     1.29115  0.00977749
         145     1.24329     1.29082  0.00971563
         146     1.26981     1.29068  0.00965015
         147     1.23262     1.29028  0.00959258
         148     1.21443     1.28977  0.00954145
         149     1.22471     1.28933   0.0094874
         150     1.23498     1.28897  0.00943107
         151     1.23244      1.2886  0.00937604
         152     1.27174     1.28849  0.00931501
         153     1.28401     1.28846  0.00925417
         154     1.28637     1.28844  0.00919409
         155     1.28724     1.28844  0.00913478
         156     1.28426     1.28841  0.00907626
         157     1.29183     1.28843  0.00901848
         158     1.26826      1.2883   0.0089623
         159     1.24841     1.28805  0.00890944
         160     1.24539     1.28779  0.00885775
         161     1.25093     1.28756  0.00880569
         162     1.25205     1.28734  0.00875406
         163     1.24051     1.28705  0.00870507
         164     1.27126     1.28695  0.00865252
         165     1.28086     1.28692  0.00860016
         166     1.26576     1.28679   0.0085493
         167     1.26429     1.28666  0.00849916
         168     1.26281     1.28651  0.00844976
         169     1.23379      1.2862  0.00840552
         170     1.22627     1.28585  0.00836346
         171     1.23238     1.28554   0.0083204
         172     1.22167     1.28516   0.0082803
         173     1.23602     1.28488  0.00823731
         174     1.23649      1.2846  0.00819466
         175     1.21366      1.2842  0.00815786
         176     1.23125      1.2839  0.00811705
         177     1.23381     1.28361  0.00807612
         178     1.21918     1.28325  0.00803886
         179     1.20686     1.28282  0.00800527
         180     1.23364     1.28255  0.00796546
         181     1.23704      1.2823  0.00792542
         182     1.21289     1.28192  0.00789104
         183     1.18574     1.28139   0.0078654
         184     1.19601     1.28093  0.00783633
         185     1.20415     1.28051  0.00780496
         186     1.19259     1.28004   0.0077773
         187     1.19551     1.27959  0.00774883
         188     1.22513      1.2793  0.00771303
         189     1.24242      1.2791  0.00767468
         190     1.22822     1.27884  0.00763896
         191     1.22643     1.27856  0.00760389
         192     1.22625     1.27829  0.00756917
         193     1.24755     1.27813  0.00753163
         194      1.2681     1.27808  0.00749298
         195     1.25246     1.27795  0.00745571
         196     1.27053     1.27791  0.00741777
         197     1.27789     1.27791  0.00738011
         198     1.26075     1.27782  0.00734335
         199     1.28895     1.27788  0.00730666
         200     1.26835     1.27783  0.00727028
